,V(m/s),alpha(deg),beta(deg),p(deg/s),q(deg/s),r(deg/s),phi(deg),theta(deg),elevator(deg),aileron(deg),rudder(deg),gamma(deg),pb,qc,rb,CD_act,CL_act,Cm_act,CY_act,Cr_act,Cn_act
1.0,12.535554309526711,-6.240331041278341,0.0,0.0,-2.017774915427082e-09,0.0,0.0,-6.582507982644781,20.5794109308,0.0,0.0,0.34217694136644017,0.0,-5.545215163212631e-09,0.0,0.03827352133205823,0.004185095830293223,-0.22506838321561495,0.0,0.0,0.0
2.0,12.535552833347861,-6.2403310515933255,0.0,0.0,-3.6065776983645273e-09,0.0,0.0,-6.582507985492559,20.5794109308,0.0,0.0,0.34217693389923376,0.0,-9.911537477480006e-09,0.0,0.038273521375847955,0.004185095578784034,-0.22506838316543398,0.0,0.0,0.0
3.0,12.535551367380378,-6.240331063218598,0.0,0.0,-4.7699003111712664e-09,0.0,0.0,-6.58250798971611,20.5794109308,0.0,0.0,0.34217692649751186,0.0,-1.3108563070264824e-08,0.0,0.03827352142850996,0.00418509534056298,-0.2250683832281067,0.0,0.0,0.0
4.0,12.535549911544273,-6.240331075731592,0.0,0.0,-5.511234716566883e-09,0.0,0.0,-6.582507994891698,20.5794109308,0.0,0.0,0.3421769191601056,0.0,-1.5145888080337097e-08,0.0,0.038273521487888505,0.004185095120987997,-0.22506838339265442,0.0,0.0,0.0
5.0,12.535548465762588,-6.240331088713528,0.0,0.0,-5.83407358255022e-09,0.0,0.0,-6.582508000599081,20.5794109308,0.0,0.0,0.3421769118855522,0.0,-1.603311059486446e-08,0.0,0.03827352155184701,0.004185094925366659,-0.2250683836481906,0.0,0.0,0.0
6.0,12.53554702996136,-6.2403311017494145,0.0,0.0,-5.741910976162096e-09,0.0,0.0,-6.582508006421511,20.5794109308,0.0,0.0,0.3421769046720966,0.0,-1.577983255585089e-08,0.0,0.038273521618268025,0.004185094758956273,-0.22506838398392098,0.0,0.0,0.0
7.0,12.535545604069577,-6.240331114428042,0.0,0.0,-5.238243036180241e-09,0.0,0.0,-6.582508011945735,20.5794109308,0.0,0.0,0.3421768975176933,0.0,-1.4395661608683792e-08,0.0,0.03827352168505323,0.004185094626963634,-0.22506838438914334,0.0,0.0,0.0
8.0,12.535544188019133,-6.240331126341984,0.0,0.0,-4.326568637206418e-09,0.0,0.0,-6.582508016761995,20.5794109308,0.0,0.0,0.34217689042001087,0.0,-1.1890212927031615e-08,0.0,0.038273521750123426,0.004185094534545186,-0.22506838485324707,0.0,0.0,0.0
9.0,12.535542781744786,-6.240331137087603,0.0,0.0,-3.0103900393193294e-09,0.0,0.0,-6.582508020464037,20.5794109308,0.0,0.0,0.3421768833764345,0.0,-8.273110998079662e-09,0.0,0.03827352181141857,0.004185094486806817,-0.22506838536571352,0.0,0.0,0.0
10.0,12.535541385184118,-6.240331146265043,0.0,0.0,-1.2932135235727536e-09,0.0,0.0,-6.582508022649109,20.5794109308,0.0,0.0,0.342176876384066,0.0,-3.553991368871941e-09,0.0,0.03827352186689771,0.004185094488803956,-0.22506838591611555,0.0,0.0,0.0
11.0,12.53553999827749,-6.2403311534782375,0.0,0.0,8.214499904142598e-10,0.0,0.0,-6.582508022917969,20.5794109308,0.0,0.0,0.34217686943973114,0.0,2.257497656555666e-09,0.0,0.038273521914539047,0.00418509454554139,-0.22506838649411773,0.0,0.0,0.0
12.0,12.535538620968008,-6.240331158334909,0.0,0.0,3.3300843337376137e-09,0.0,0.0,-6.582508020874886,20.5794109308,0.0,0.0,0.3421768625399766,0.0,9.151693338917885e-09,0.0,0.0382735219523399,0.004185094661973129,-0.22506838708947602,0.0,0.0,0.0
13.0,12.53553725320147,-6.240331160446571,0.0,0.0,6.229167497108422e-09,0.0,0.0,-6.58250801612765,20.5794109308,0.0,0.0,0.34217685568107914,0.0,1.711891687933674e-08,0.0,0.03827352197831675,0.004185094843002585,-0.2250683876920379,0.0,0.0,0.0
14.0,12.535535894926333,-6.240331159428535,0.0,0.0,9.515171051108887e-09,0.0,0.0,-6.582508008287577,20.5794109308,0.0,0.0,0.342176848859042,0.0,2.6149471826200496e-08,0.0,0.038273521990505245,0.0041850950934821385,-0.2250683882917422,0.0,0.0,0.0
15.0,12.535534546093675,-6.240331154899909,0.0,0.0,1.3184559578794623e-08,0.0,0.0,-6.582507996969513,20.5794109308,0.0,0.0,0.34217684206960364,0.0,3.623364251594801e-08,0.0,0.03827352198696023,0.004185095418213394,-0.22506838887861924,0.0,0.0,0.0
16.0,12.535533206657146,-6.2403311464836095,0.0,0.0,1.723379012318881e-08,0.0,0.0,-6.582507981791844,20.5794109308,0.0,0.0,0.3421768353082344,0.0,4.736169255477389e-08,0.0,0.0382735219657557,0.004185095821946816,-0.22506838944279084,0.0,0.0,0.0
17.0,12.535531876572934,-6.240331133806357,0.0,0.0,2.1659311649873004e-08,0.0,0.0,-6.582507962376503,20.5794109308,0.0,0.0,0.3421768285701452,0.0,5.952386334181755e-08,0.0,0.03827352192498493,0.004185096309381686,-0.22506838997447007,0.0,0.0,0.0
18.0,12.535530555799724,-6.240331116498692,0.0,0.0,2.6457564520554452e-08,0.0,0.0,-6.582507938348977,20.5794109308,0.0,0.0,0.342176821850285,0.0,7.271037262251344e-08,0.0,0.03827352186276042,0.004185096885166106,-0.22506839046396168,0.0,0.0,0.0
19.0,12.535529244298656,-6.240331094194971,0.0,0.0,3.162497997855211e-08,0.0,0.0,-6.582507909338319,20.5794109308,0.0,0.0,0.34217681514334775,0.0,8.691141307469185e-08,0.0,0.03827352177721396,0.0041850975538967605,-0.22506839090166184,0.0,0.0,0.0
20.0,12.53552794203329,-6.240331066533382,0.0,0.0,3.71579796548463e-08,0.0,0.0,-6.582507874977155,20.5794109308,0.0,0.0,0.3421768084437735,0.0,1.0211715095118851e-07,0.0,0.0382735216664966,0.004185098320118791,-0.22506839127805833,0.0,0.0,0.0
21.0,12.535526648969563,-6.240331033155944,0.0,0.0,4.305297507774387e-08,0.0,0.0,-6.582507834901694,20.5794109308,0.0,0.0,0.34217680174575005,0.0,1.1831772473238653e-07,0.0,0.0382735215287788,0.004185099188325797,-0.2250683915837307,0.0,0.0,0.0
22.0,12.535525365075753,-6.240330993708521,0.0,0.0,4.9306367203329914e-08,0.0,0.0,-6.582507788751739,20.5794109308,0.0,0.0,0.3421767950432182,0.0,1.355032438358798e-07,0.0,0.03827352136225035,0.004185100162959504,-0.22506839180935023,0.0,0.0,0.0
23.0,12.535524090322435,-6.2403309478408255,0.0,0.0,5.591454595592516e-08,0.0,0.0,-6.582507736170697,20.5794109308,0.0,0.0,0.34217678832987186,0.0,1.536637873536307e-07,0.0,0.0382735211651205,0.004185101248409817,-0.22506839194567996,0.0,0.0,0.0
24.0,12.535522824682449,-6.240330895206429,0.0,0.0,6.287388978008684e-08,0.0,0.0,-6.582507676805592,20.5794109308,0.0,0.0,0.34217678159916254,0.0,1.7278940282084814e-07,0.0,0.0382735209356179,0.004185102449014558,-0.2250683919835752,0.0,0.0,0.0
25.0,12.53552156813086,-6.240330835462771,0.0,0.0,7.018076521000477e-08,0.0,0.0,-6.582507610307074,20.5794109308,0.0,0.0,0.34217677484430276,0.0,1.9287010503266722e-07,0.0,0.03827352067199073,0.004185103769059298,-0.22506839191398317,0.0,0.0,0.0
26.0,12.535520320644919,-6.240330768271166,0.0,0.0,7.783152644806968e-08,0.0,0.0,-6.582507536329433,20.5794109308,0.0,0.0,0.342176768058267,0.0,2.1389587488603386e-07,0.0,0.03827352037250672,0.004185105212777346,-0.2250683917279434,0.0,0.0,0.0
27.0,12.53551908220402,-6.2403306932968166,0.0,0.0,8.582251495910164e-08,0.0,0.0,-6.582507454530612,20.5794109308,0.0,0.0,0.34217676123379537,0.0,2.358566582646228e-07,0.0,0.03827352003545316,0.004185106784349454,-0.22506839141658805,0.0,0.0,0.0
28.0,12.535517852789674,-6.2403306102088205,0.0,0.0,9.415005907544746e-08,0.0,0.0,-6.582507364572218,20.5794109308,0.0,0.0,0.3421767543633978,0.0,2.587423649536232e-07,0.0,0.03827351965913701,0.004185108487903683,-0.22506839097114173,0.0,0.0,0.0
29.0,12.535516632385463,-6.240330518680183,0.0,0.0,1.0281047361555488e-07,0.0,0.0,-6.582507266119538,20.5794109308,0.0,0.0,0.3421767474393542,0.0,2.8254286759155856e-07,0.0,0.03827351924188491,0.0041851103275152846,-0.22506839038292184,0.0,0.0,0.0
30.0,12.535515420977003,-6.2403304183878285,0.0,0.0,1.1180005951595193e-07,0.0,0.0,-6.582507158841548,20.5794109308,0.0,0.0,0.34217674045371904,0.0,3.07248000658944e-07,0.0,0.038273518782043235,0.0041851123072064594,-0.2250683896433389,0.0,0.0,0.0
31.0,12.535514218551914,-6.240330309012608,0.0,0.0,1.2111510347525958e-07,0.0,0.0,-6.582507042410932,20.5794109308,0.0,0.0,0.34217673339832455,0.0,3.3284755950001107e-07,0.0,0.03827351827797816,0.004185114430946255,-0.22506838874389654,0.0,0.0,0.0
32.0,12.535513025099771,-6.240330190239313,0.0,0.0,1.3075187761011805e-07,0.0,0.0,-6.582506916504097,20.5794109308,0.0,0.0,0.3421767262647837,0.0,3.5933129937717215e-07,0.0,0.038273517728075704,0.004185116702650357,-0.22506838767619186,0.0,0.0,0.0
33.0,12.535511840612081,-6.24033006175669,0.0,0.0,1.4070663912914172e-07,0.0,0.0,-6.5825067808011815,20.5794109308,0.0,0.0,0.34217671904449176,0.0,3.866889345750279e-07,0.0,0.03827351713074183,0.004185119126180928,-0.22506838643191546,0.0,0.0,0.0
34.0,12.535510665082237,-6.2403299232574465,0.0,0.0,1.509756300111465e-07,0.0,0.0,-6.582506634986076,20.5794109308,0.0,0.0,0.3421767117286292,0.0,4.1491013751611504e-07,0.0,0.03827351648440244,0.004185121705346337,-0.22506838500285206,0.0,0.0,0.0
35.0,12.535509498505485,-6.240329774438269,0.0,0.0,1.615550767009792e-07,0.0,0.0,-6.582506478746436,20.5794109308,0.0,0.0,0.3421767043081667,0.0,4.4398453792502613e-07,0.0,0.03827351578750349,0.004185124443901067,-0.22506838338088025,0.0,0.0,0.0
36.0,12.53550834087889,-6.240329614999833,0.0,0.0,1.7244118981802125e-07,0.0,0.0,-6.5825063117737,20.5794109308,0.0,0.0,0.3421766967738664,0.0,4.739017220273594e-07,0.0,0.038273515038510994,0.0041851273455455335,-0.2250683815579733,0.0,0.0,0.0
37.0,12.535507192201294,-6.240329444646818,0.0,0.0,1.8363016387439393e-07,0.0,0.0,-6.582506133763102,20.5794109308,0.0,0.0,0.3421766891162843,0.0,5.046512317753284e-07,0.0,0.03827351423591118,0.004185130413925833,-0.2250683795261988,0.0,0.0,0.0
38.0,12.535506052473286,-6.240329263087917,0.0,0.0,1.9511817700891089e-07,0.0,0.0,-6.582505944413692,20.5794109308,0.0,0.0,0.3421766813257756,0.0,5.362225641166476e-07,0.0,0.038273513378210486,0.004185133652633538,-0.22506837727771944,0.0,0.0,0.0
39.0,12.535504921697166,-6.2403290700358545,0.0,0.0,2.0690139073130235e-07,0.0,0.0,-6.5825057434283485,20.5794109308,0.0,0.0,0.342176673392494,0.0,5.686051702916446e-07,0.0,0.03827351246393561,0.004185137065205499,-0.22506837480479314,0.0,0.0,0.0
40.0,12.535503799876906,-6.240328865207397,0.0,0.0,2.1897594967897075e-07,0.0,0.0,-6.582505530513796,20.5794109308,0.0,0.0,0.3421766653063987,0.0,6.017884551648111e-07,0.0,0.03827351149163365,0.00418514065512382,-0.2250683720997732,0.0,0.0,0.0
41.0,12.53550268701812,-6.240328648323369,0.0,0.0,2.3133798138664456e-07,0.0,0.0,-6.582505305380624,20.5794109308,0.0,0.0,0.3421766570572551,0.0,6.357617765917986e-07,0.0,0.038273510459872116,0.004185144425815343,-0.2250683691551088,0.0,0.0,0.0
42.0,12.535501583128022,-6.240328419108665,0.0,0.0,2.439835960670521e-07,0.0,0.0,-6.582505067743305,20.5794109308,0.0,0.0,0.3421766486346396,0.0,6.705144448166997e-07,0.0,0.038273509367239,0.004185148380651746,-0.22506836596334512,0.0,0.0,0.0
43.0,12.535500488215398,-6.240328177292267,0.0,0.0,2.569088864054633e-07,0.0,0.0,-6.582504817320206,20.5794109308,0.0,0.0,0.34217664002793935,0.0,7.06035721907439e-07,0.0,0.038273508212342926,0.0041851525229490705,-0.2250683625171238,0.0,0.0,0.0
44.0,12.535499402290567,-6.240327922607257,0.0,0.0,2.701099273668643e-07,0.0,0.0,-6.582504553833615,20.5794109308,0.0,0.0,0.34217663122635766,0.0,7.423148212258821e-07,0.0,0.038273506993813114,0.004185156855967764,-0.22506835880918324,0.0,0.0,0.0
45.0,12.53549832536535,-6.240327654790832,0.0,0.0,2.8358277601033694e-07,0.0,0.0,-6.582504277009749,20.5794109308,0.0,0.0,0.34217662221891665,0.0,7.793409069177453e-07,0.0,0.03827350571029952,0.004185161382912264,-0.22506835483235885,0.0,0.0,0.0
46.0,12.535497257453029,-6.240327373584319,0.0,0.0,2.97323471322278e-07,0.0,0.0,-6.5825039865787796,20.5794109308,0.0,0.0,0.3421766129944608,0.0,8.171030934542772e-07,0.0,0.038273504360472894,0.00418516610693094,-0.22506835057958338,0.0,0.0,0.0
47.0,12.535496198568321,-6.240327078733189,0.0,0.0,3.1132803405562596e-07,0.0,0.0,-6.58250368227485,20.5794109308,0.0,0.0,0.34217660354166135,0.0,8.555904451904541e-07,0.0,0.03827350294302485,0.00418517103111582,-0.22506834604388737,0.0,0.0,0.0
48.0,12.535495148727339,-6.2403267699870755,0.0,0.0,3.2559246658737843e-07,0.0,0.0,-6.582503363836088,20.5794109308,0.0,0.0,0.3421765938490129,0.0,8.947919759734385e-07,0.0,0.03827350145666795,0.0041851761585022795,-0.22506834121839936,0.0,0.0,0.0
49.0,12.535494107947558,-6.240326447099786,0.0,0.0,3.4011275278071797e-07,0.0,0.0,-6.582503031004632,20.5794109308,0.0,0.0,0.3421765839048456,0.0,9.346966487637036e-07,0.0,0.03827349990013579,0.004185181492069048,-0.2250683360963464,0.0,0.0,0.0
50.0,12.535493076247784,-6.240326109829321,0.0,0.0,3.548848578642472e-07,0.0,0.0,-6.582502683526643,20.5794109308,0.0,0.0,0.3421765736973219,0.0,9.752933753031779e-07,0.0,0.03827349827218305,0.004185187034737775,-0.22506833067105425,0.0,0.0,0.0
51.0,12.535492053648117,-6.240325757937886,0.0,0.0,3.6990472832183244e-07,0.0,0.0,-6.582502321152328,20.5794109308,0.0,0.0,0.34217656321444156,0.0,1.0165710158125432e-06,0.0,0.038273496571585595,0.0041851927893730295,-0.22506832493594772,0.0,0.0,0.0
52.0,12.53549104016992,-6.240325391191909,0.0,0.0,3.851682917925439e-07,0.0,0.0,-6.582501943635955,20.5794109308,0.0,0.0,0.34217655244404543,0.0,1.0585183787162816e-06,0.0,0.03827349479714056,0.0041851987587817885,-0.2250683188845512,0.0,0.0,0.0
53.0,12.535490035835782,-6.240325009362057,0.0,0.0,4.006714569838007e-07,0.0,0.0,-6.582501550735876,20.5794109308,0.0,0.0,0.3421765413738189,0.0,1.101124220404012e-06,0.0,0.0382734929476664,0.004185204945713575,-0.22506831251048892,0.0,0.0,0.0
54.0,12.535489040669491,-6.240324612223251,0.0,0.0,4.16410113597625e-07,0.0,0.0,-6.582501142214543,20.5794109308,0.0,0.0,0.342176529991292,0.0,1.1443772450278519e-06,0.0,0.03827349102200298,0.004185211352859972,-0.22506830580748532,0.0,0.0,0.0
55.0,12.535488054695994,-6.2403241995546805,0.0,0.0,4.32380132263103e-07,0.0,0.0,-6.582500717838528,20.5794109308,0.0,0.0,0.3421765182838472,0.0,1.1882661043168407e-06,0.0,0.03827348901901169,0.004185217982854539,-0.22506829876936552,0.0,0.0,0.0
56.0,12.53548707794137,-6.240323771139822,0.0,0.0,4.4857736448864884e-07,0.0,0.0,-6.58250027737854,20.5794109308,0.0,0.0,0.34217650623871787,0.0,1.2327793974457824e-06,0.0,0.038273486937575464,0.004185224838272508,-0.22506829139005546,0.0,0.0,0.0
57.0,12.535486110432794,-6.240323326766453,0.0,0.0,4.64997642616279e-07,0.0,0.0,-6.582499820609449,20.5794109308,0.0,0.0,0.3421764938429961,0.0,1.2779056709096178e-06,0.0,0.03827348477659889,0.004185231921630755,-0.22506828366358264,0.0,0.0,0.0
58.0,12.535485152198504,-6.240322866226669,0.0,0.0,4.816367797951748e-07,0.0,0.0,-6.582499347310301,20.5794109308,0.0,0.0,0.34217648108363186,0.0,1.3236334184508015e-06,0.0,0.038273482535008355,0.0041852392353873,-0.2250682755840761,0.0,0.0,0.0
59.0,12.53548420326777,-6.240322389316898,0.0,0.0,4.984905699619536e-07,0.0,0.0,-6.582498857264338,20.5794109308,0.0,0.0,0.34217646794744017,0.0,1.3699510810051213e-06,0.0,0.03827348021175196,0.004185246781941349,-0.22506826714576722,0.0,0.0,0.0
60.0,12.535483263670857,-6.240321895837918,0.0,0.0,5.155547878355425e-07,0.0,0.0,-6.582498350259018,20.5794109308,0.0,0.0,0.3421764544211001,0.0,1.4168470466876437e-06,0.0,0.03827347780579981,0.004185254563632931,-0.22506825834298969,0.0,0.0,0.0
61.0,12.535482333439,-6.240321385594874,0.0,0.0,5.328251889208347e-07,0.0,0.0,-6.582497826086034,20.5794109308,0.0,0.0,0.34217644049116025,0.0,1.4643096508028021e-06,0.0,0.0382734753161439,0.004185262582742738,-0.22506824917018026,0.0,0.0,0.0
62.0,12.535481412604371,-6.240320858397291,0.0,0.0,5.502975095236207e-07,0.0,0.0,-6.582497284541334,20.5794109308,0.0,0.0,0.342176426144043,0.0,1.5123271758854672e-06,0.0,0.03827347274179835,0.004185270841491923,-0.225068239621879,0.0,0.0,0.0
63.0,12.53548050120004,-6.24032031405909,0.0,0.0,5.679674667786913e-07,0.0,0.0,-6.582496725425136,20.5794109308,0.0,0.0,0.3421764113660455,0.0,1.560887851778222e-06,0.0,0.03827347008179939,0.0041852793420419365,-0.22506822969272955,0.0,0.0,0.0
64.0,12.535479599259945,-6.240319752398609,0.0,0.0,5.858307586875343e-07,0.0,0.0,-6.582496148541955,20.5794109308,0.0,0.0,0.34217639614334594,0.0,1.6099798557349994e-06,0.0,0.038273467335205466,0.0041852880864941405,-0.22506821937747973,0.0,0.0,0.0
65.0,12.53547870681887,-6.24031917323861,0.0,0.0,6.038830641668462e-07,0.0,0.0,-6.582495553700614,20.5794109308,0.0,0.0,0.3421763804620044,0.0,1.6595913125544474e-06,0.0,0.03827346450109733,0.0041852970768898184,-0.22506820867098182,0.0,0.0,0.0
66.0,12.5354778239124,-6.2403185764063025,0.0,0.0,6.221200431093314e-07,0.0,0.0,-6.582494940714269,20.5794109308,0.0,0.0,0.3421763643079663,0.0,1.7097102947470574e-06,0.0,0.03827346157857813,0.004185306315209872,-0.22506819756819296,0.0,0.0,0.0
67.0,12.535476950576898,-6.240317961733357,0.0,0.0,6.405373364541411e-07,0.0,0.0,-6.582494309400423,20.5794109308,0.0,0.0,0.34217634766706606,0.0,1.7603248227287943e-06,0.0,0.038273458566773465,0.00418531580337457,-0.2250681860641757,0.0,0.0,0.0
68.0,12.53547608684947,-6.2403173290559195,0.0,0.0,6.591305662692378e-07,0.0,0.0,-6.58249365958095,20.5794109308,0.0,0.0,0.3421763305250307,0.0,1.8114228650474963e-06,0.0,0.03827345546483147,0.00418532554324344,-0.22506817415409802,0.0,0.0,0.0
69.0,12.535475232767936,-6.240316678214626,0.0,0.0,6.778953358438706e-07,0.0,0.0,-6.582492991082111,20.5794109308,0.0,0.0,0.34217631286748507,0.0,1.862992338637065e-06,0.0,0.03827345227192287,0.004185335536615042,-0.22506816183323416,0.0,0.0,0.0
70.0,12.535474388370796,-6.240316009054619,0.0,0.0,6.968272297934196e-07,0.0,0.0,-6.58249230373457,20.5794109308,0.0,0.0,0.3421762946799509,0.0,1.9150211091056497e-06,0.0,0.03827344898724115,0.004185345785226724,-0.22506814909696476,0.0,0.0,0.0
71.0,12.5354735536972,-6.240315321425566,0.0,0.0,7.159218141699905e-07,0.0,0.0,-6.58249159737342,20.5794109308,0.0,0.0,0.34217627594785416,0.0,1.967496991039636e-06,0.0,0.03827344561000253,0.004185356290754505,-0.22506813594077726,0.0,0.0,0.0
72.0,12.53547272878692,-6.240314615181669,0.0,0.0,7.351746365926408e-07,0.0,0.0,-6.582490871838195,20.5794109308,0.0,0.0,0.3421762566565265,0.0,2.0204077483615885e-06,0.0,0.038273442139446064,0.0041853670548128025,-0.22506812236026655,0.0,0.0,0.0
73.0,12.535471913680315,-6.240313890181682,0.0,0.0,7.545812263785091e-07,0.0,0.0,-6.582490126972891,20.5794109308,0.0,0.0,0.3421762367912091,0.0,2.073741094690676e-06,0.0,0.03827343857483377,0.004185378078954263,-0.2250681083511349,0.0,0.0,0.0
74.0,12.535471108418305,-6.240313146288926,0.0,0.0,7.741370946921388e-07,0.0,0.0,-6.582489362625982,20.5794109308,0.0,0.0,0.3421762163370561,0.0,2.1274846937531027e-06,0.0,0.03827343491545065,0.004185389364669709,-0.2250680939091927,0.0,0.0,0.0
75.0,12.535470313042335,-6.240312383371306,0.0,0.0,7.938377346992772e-07,0.0,0.0,-6.582488578650444,20.5794109308,0.0,0.0,0.342176195279138,0.0,2.181626159804838e-06,0.0,0.03827343116060478,0.004185400913387732,-0.2250680790303589,0.0,0.0,0.0
76.0,12.53546952759435,-6.240311601301318,0.0,0.0,8.136786217350991e-07,0.0,0.0,-6.582487774903764,20.5794109308,0.0,0.0,0.34217617360244557,0.0,2.236153058093993e-06,0.0,0.03827342730962741,0.004185412726474685,-0.22506806371066104,0.0,0.0,0.0
77.0,12.53546875211676,-6.240310799956073,0.0,0.0,8.336552134836308e-07,0.0,0.0,-6.582486951247965,20.5794109308,0.0,0.0,0.34217615129189216,0.0,2.291052905353976e-06,0.0,0.03827342336187298,0.004185424805234386,-0.22506804794623592,0.0,0.0,0.0
78.0,12.535467986652412,-6.240309979217304,0.0,0.0,8.537629501615091e-07,0.0,0.0,-6.582486107549622,20.5794109308,0.0,0.0,0.34217612833231836,0.0,2.3463131703085686e-06,0.0,0.03827341931671926,0.004185437150908064,-0.22506803173332995,0.0,0.0,0.0
79.0,12.535467231244562,-6.240309138971382,0.0,0.0,8.739972547183229e-07,0.0,0.0,-6.5824852436798755,20.5794109308,0.0,0.0,0.3421761047084937,0.0,2.401921274222571e-06,0.0,0.03827341517356737,0.0041854497646741234,-0.22506801506829943,0.0,0.0,0.0
80.0,12.53546648593684,-6.240308279109331,0.0,0.0,8.943535330446871e-07,0.0,0.0,-6.582484359514455,20.5794109308,0.0,0.0,0.3421760804051237,0.0,2.457864591473705e-06,0.0,0.038273410931841875,0.004185462647647964,-0.225067997947611,0.0,0.0,0.0
81.0,12.535465750773227,-6.24030739952684,0.0,0.0,9.148271741901374e-07,0.0,0.0,-6.582483454933689,20.5794109308,0.0,0.0,0.34217605540684914,0.0,2.5141304501515023e-06,0.0,0.03827340659099085,0.004185475800881799,-0.22506798036784195,0.0,0.0,0.0
82.0,12.53546502579802,-6.240306500124275,0.0,0.0,9.354135505926714e-07,0.0,0.0,-6.582482529822528,20.5794109308,0.0,0.0,0.342176029698253,0.0,2.570706132688209e-06,0.0,0.03827340215048594,0.004185489225364616,-0.22506796232568066,0.0,0.0,0.0
83.0,12.535464311055804,-6.240305580806696,0.0,0.0,9.56108018313808e-07,0.0,0.0,-6.582481584070557,20.5794109308,0.0,0.0,0.34217600326386055,0.0,2.627578876504853e-06,0.0,0.03827339760982244,0.004185502922021869,-0.22506794381792689,0.0,0.0,0.0
84.0,12.535463606591424,-6.240304641483867,0.0,0.0,9.76905917289274e-07,0.0,0.0,-6.582480617572013,20.5794109308,0.0,0.0,0.3421759760881464,0.0,2.6847358747002584e-06,0.0,0.038273392968519365,0.004185516891715452,-0.22506792484149213,0.0,0.0,0.0
85.0,12.535462912449953,-6.240303682070267,0.0,0.0,9.978025715868665e-07,0.0,0.0,-6.582479630225803,20.5794109308,0.0,0.0,0.3421759481555364,0.0,2.7421642767597947e-06,0.0,0.038273388226119476,0.004185531135243448,-0.2250679053934001,0.0,0.0,0.0
86.0,12.535462228676668,-6.240302702485105,0.0,0.0,1.0187932896744627e-06,0.0,0.0,-6.582478621935516,20.5794109308,0.0,0.0,0.34217591945041015,0.0,2.7998511892919946e-06,0.0,0.038273383382189365,0.004185545653340089,-0.22506788547078693,0.0,0.0,0.0
87.0,12.535461555317013,-6.2403017026523315,0.0,0.0,1.0398733646968486e-06,0.0,0.0,-6.582477592609438,20.5794109308,0.0,0.0,0.34217588995710635,0.0,2.857783676789433e-06,0.0,0.03827337843631959,0.004185560446675465,-0.22506786507090148,0.0,0.0,0.0
88.0,12.535460892416578,-6.2403006825006475,0.0,0.0,1.0610380747621826e-06,0.0,0.0,-6.582476542160574,20.5794109308,0.0,0.0,0.3421758596599265,0.0,2.915948762416072e-06,0.0,0.03827337338812456,0.004185575515855633,-0.22506784419110593,0.0,0.0,0.0
89.0,12.535460240021068,-6.24029964196352,0.0,0.0,1.0822826832401569e-06,0.0,0.0,-6.5824754705066555,20.5794109308,0.0,0.0,0.34217582854313555,0.0,2.974333428826762e-06,0.0,0.038273368237242804,0.004185590861422242,-0.22506782282887586,0.0,0.0,0.0
90.0,12.53545959817627,-6.240298580979188,0.0,0.0,1.1036024390685808e-06,0.0,0.0,-6.582474377570159,20.5794109308,0.0,0.0,0.3421757965909702,0.0,3.0329246190098885e-06,0.0,0.03827336298333686,0.004185606483852591,-0.22506780098180063,0.0,0.0,0.0
91.0,12.535458966928031,-6.24029749949068,0.0,0.0,1.1249925770663022e-06,0.0,0.0,-6.582473263278317,20.5794109308,0.0,0.0,0.3421757637876368,0.0,3.0917092371474413e-06,0.0,0.03827335762609343,0.004185622383559337,-0.22506777864758373,0.0,0.0,0.0
92.0,12.535458346322224,-6.2402963974458165,0.0,0.0,1.14644831826201e-06,0.0,0.0,-6.582472127563136,20.5794109308,0.0,0.0,0.3421757301173196,0.0,3.1506741495187305e-06,0.0,0.038273352165223366,0.00418563856089052,-0.2250677558240432,0.0,0.0,0.0
93.0,12.535457736404727,-6.2402952747972265,0.0,0.0,1.1679648702260847e-06,0.0,0.0,-6.58247097036141,20.5794109308,0.0,0.0,0.34217569556418326,0.0,3.20980618541248e-06,0.0,0.0382733466004618,0.0041856550161294415,-0.22506773250911175,0.0,0.0,0.0
94.0,12.535457137221385,-6.240294131502353,0.0,0.0,1.1895374274145355e-06,0.0,0.0,-6.582469791614727,20.5794109308,0.0,0.0,0.34217566011237466,0.0,3.269092138072142e-06,0.0,0.03827334093156811,0.004185671749494524,-0.22506770870083714,0.0,0.0,0.0
95.0,12.535456548817992,-6.240292967523463,0.0,0.0,1.2111611715225183e-06,0.0,0.0,-6.5824685912694925,20.5794109308,0.0,0.0,0.34217562374602917,0.0,3.3285187656675413e-06,0.0,0.038273335158326045,0.004185688761139131,-0.2250676843973825,0.0,0.0,0.0
96.0,12.535455971240257,-6.2402917828276605,0.0,0.0,1.2328312718451003e-06,0.0,0.0,-6.582467369276932,20.5794109308,0.0,0.0,0.3421755864492715,0.0,3.3880727922864405e-06,0.0,0.03827332928054372,0.004185706051151705,-0.22506765959702665,0.0,0.0,0.0
97.0,12.535455404533778,-6.240290577386889,0.0,0.0,1.2545428856479193e-06,0.0,0.0,-6.58246612559311,20.5794109308,0.0,0.0,0.342175548206221,0.0,3.447740908953298e-06,0.0,0.03827332329805366,0.0041857236195553815,-0.22506763429816426,0.0,0.0,0.0
98.0,12.535454848744017,-6.240289351177944,0.0,0.0,1.2762911585481822e-06,0.0,0.0,-6.58246486017894,20.5794109308,0.0,0.0,0.34217550900099614,0.0,3.507509774676445e-06,0.0,0.03827331721071292,0.004185741466308221,-0.22506760849930624,0.0,0.0,0.0
99.0,12.535454303916268,-6.240288104182479,0.0,0.0,1.2980712249011238e-06,0.0,0.0,-6.5824635730001955,20.5794109308,0.0,0.0,0.3421754688177163,0.0,3.5673660175102677e-06,0.0,0.03827331101840301,0.0041857595913028095,-0.2250675821990799,0.0,0.0,0.0
100.0,12.535453770095632,-6.240286836387013,0.0,0.0,1.3198782081991233e-06,0.0,0.0,-6.5824622640275186,20.5794109308,0.0,0.0,0.34217542764050535,0.0,3.627296235652179e-06,0.0,0.03827330472103002,0.00418577799436648,-0.22506755539622925,0.0,0.0,0.0
101.0,12.535453247326991,-6.240285547782939,0.0,0.0,1.3417072214770566e-06,0.0,0.0,-6.582460933236436,20.5794109308,0.0,0.0,0.3421753854534968,0.0,3.6872869985567343e-06,0.0,0.03827329831852464,0.004185796675261116,-0.22506752808961542,0.0,0.0,0.0
102.0,12.535452735654982,-6.240284238366528,0.0,0.0,1.3635533677243327e-06,0.0,0.0,-6.582459580607365,20.5794109308,0.0,0.0,0.3421753422408367,0.0,3.747324848068109e-06,0.0,0.03827329181084216,0.004185815633682963,-0.22506750027821656,0.0,0.0,0.0
103.0,12.535452235123966,-6.240282908138938,0.0,0.0,1.3854117403126502e-06,0.0,0.0,-6.582458206125625,20.5794109308,0.0,0.0,0.342175297986687,0.0,3.8073962995957932e-06,0.0,0.03827328519796255,0.004185834869262911,-0.2250674719611283,0.0,0.0,0.0
104.0,12.535451745778005,-6.240281557106217,0.0,0.0,1.4072774234223366e-06,0.0,0.0,-6.582456809781447,20.5794109308,0.0,0.0,0.3421752526752302,0.0,3.8674878432863826e-06,0.0,0.038273278479890475,0.004185854381566073,-0.22506744313756405,0.0,0.0,0.0
105.0,12.535451267660836,-6.24028018527931,0.0,0.0,1.4291454924852542e-06,0.0,0.0,-6.582455391569982,20.5794109308,0.0,0.0,0.3421752062906718,0.0,3.927585945240908e-06,0.0,0.0382732716566553,0.0041858741700920715,-0.22506741380685485,0.0,0.0,0.0
106.0,12.53545080081584,-6.240278792674066,0.0,0.0,1.4510110146311072e-06,0.0,0.0,-6.582453951491311,20.5794109308,0.0,0.0,0.3421751588172448,0.0,3.987677048741505e-06,0.0,0.03827326472831117,0.004185894234274776,-0.2250673839684501,0.0,0.0,0.0
107.0,12.53545034528602,-6.2402773793112365,0.0,0.0,1.4728690491442872e-06,0.0,0.0,-6.582452489550449,20.5794109308,0.0,0.0,0.34217511023921254,0.0,4.047747575507066e-06,0.0,0.03827325769493697,0.004185914573482372,-0.22506735362191715,0.0,0.0,0.0
108.0,12.535449901113974,-6.240275945216484,0.0,0.0,1.4947146479281282e-06,0.0,0.0,-6.582451005757358,20.5794109308,0.0,0.0,0.34217506054087377,0.0,4.107783926969231e-06,0.0,0.0382732505566364,0.004185935187017334,-0.22506732276694208,0.0,0.0,0.0
109.0,12.535449468341872,-6.240274490420386,0.0,0.0,1.5165428559763375e-06,0.0,0.0,-6.58244950012695,20.5794109308,0.0,0.0,0.34217500970656367,0.0,4.167772485568125e-06,0.0,0.038273243313537965,0.004185956074116426,-0.22506729140332943,0.0,0.0,0.0
110.0,12.535449047011424,-6.240273014958435,0.0,0.0,1.5383487118544078e-06,0.0,0.0,-6.5824479726790965,20.5794109308,0.0,0.0,0.34217495772066187,0.0,4.227699616075513e-06,0.0,0.03827323596579501,0.0041859772339506995,-0.2250672595310026,0.0,0.0,0.0
111.0,12.535448637163858,-6.240271518871041,0.0,0.0,1.5601272481852608e-06,0.0,0.0,-6.582446423438633,20.5794109308,0.0,0.0,0.3421749045675915,0.0,4.287551666929597e-06,0.0,0.03827322851358574,0.004185998665625398,-0.22506722715000388,0.0,0.0,0.0
112.0,12.535448238839898,-6.240270002203538,0.0,0.0,1.5818734921475716e-06,0.0,0.0,-6.582444852435364,20.5794109308,0.0,0.0,0.34217485023182626,0.0,4.347314971604651e-06,0.0,0.038273220957113184,0.0041860203681801655,-0.2250671942604947,0.0,0.0,0.0
113.0,12.53544785207973,-6.240268465006179,0.0,0.0,1.6035824659757326e-06,0.0,0.0,-6.582443259704071,20.5794109308,0.0,0.0,0.34217479469789236,0.0,4.406975849985182e-06,0.0,0.03827321329660527,0.004186042340588822,-0.2250671608627557,0.0,0.0,0.0
114.0,12.535447476922988,-6.240266907334143,0.0,0.0,1.6252491874738723e-06,0.0,0.0,-6.582441645284516,20.5794109308,0.0,0.0,0.3421747379503728,0.0,4.466520609778698e-06,0.0,0.0382732055323148,0.004186064581759616,-0.22506712695718678,0.0,0.0,0.0
115.0,12.535447113408718,-6.240265329247532,0.0,0.0,1.6468686705319175e-06,0.0,0.0,-6.582440009221442,20.5794109308,0.0,0.0,0.34217467997391005,0.0,4.525935547934112e-06,0.0,0.038273197664519455,0.004186087090535043,-0.22506709254430746,0.0,0.0,0.0
116.0,12.535446761575363,-6.240263730811372,0.0,0.0,1.668435925651555e-06,0.0,0.0,-6.582438351564584,20.5794109308,0.0,0.0,0.34217462075321237,0.0,4.58520695208734e-06,0.0,0.038273189693521815,0.004186109865692081,-0.2250670576247566,0.0,0.0,0.0
117.0,12.535446421460733,-6.240262112095612,0.0,0.0,1.6899459604796303e-06,0.0,0.0,-6.582436672368665,20.5794109308,0.0,0.0,0.3421745602730528,0.0,4.644321102027346e-06,0.0,0.03827318161964933,0.004186132905942094,-0.2250670221992929,0.0,0.0,0.0
118.0,12.535446093101982,-6.240260473175124,0.0,0.0,1.7113937803470604e-06,0.0,0.0,-6.582434971693402,20.5794109308,0.0,0.0,0.3421744985182782,0.0,4.703264271177349e-06,0.0,0.03827317344325435,0.00418615620993093,-0.22506698626879462,0.0,0.0,0.0
119.0,12.535445776535582,-6.2402588141297,0.0,0.0,1.7327743888160993e-06,0.0,0.0,-6.5824332496035085,20.5794109308,0.0,0.0,0.3421744354738081,0.0,4.762022728098965e-06,0.0,0.0382731651647141,0.004186179776238988,-0.22506694983425993,0.0,0.0,0.0
120.0,12.535445471797303,-6.240257135044051,0.0,0.0,1.7540827882340304e-06,0.0,0.0,-6.582431506168694,20.5794109308,0.0,0.0,0.342174371124643,0.0,4.82058273801404e-06,0.0,0.038273156784430655,0.004186203603381317,-0.22506691289680672,0.0,0.0,0.0
121.0,12.535445178922185,-6.240255436007803,0.0,0.0,1.7753139802950596e-06,0.0,0.0,-6.582429741463668,20.5794109308,0.0,0.0,0.342174305455865,0.0,4.878930564349003e-06,0.0,0.03827314830283099,0.0041862276898076145,-0.2250668754576728,0.0,0.0,0.0
122.0,12.535444897944517,-6.240253717115494,0.0,0.0,1.7964629666061067e-06,0.0,0.0,-6.582427955568136,20.5794109308,0.0,0.0,0.3421742384526416,0.0,4.937052470289939e-06,0.0,0.03827313972036688,0.004186252033902382,-0.22506683751821588,0.0,0.0,0.0
123.0,12.535444628897812,-6.240251978466572,0.0,0.0,1.817524749262917e-06,0.0,0.0,-6.582426148566802,20.5794109308,0.0,0.0,0.3421741701002299,0.0,4.994934720366026e-06,0.0,0.03827313103751498,0.004186276633985034,-0.22506679907991356,0.0,0.0,0.0
124.0,12.535444371814787,-6.2402502201653895,0.0,0.0,1.8384943314303126e-06,0.0,0.0,-6.582424320549371,20.5794109308,0.0,0.0,0.3421741003839811,0.0,5.052563582044356e-06,0.0,0.038273122254776706,0.004186301488309896,-0.22506676014436344,0.0,0.0,0.0
125.0,12.535444126727334,-6.240248442321196,0.0,0.0,1.8593667179259317e-06,0.0,0.0,-6.582422471610538,20.5794109308,0.0,0.0,0.3421740292893425,0.0,5.109925327334327e-06,0.0,0.038273113372678295,0.004186326595066361,-0.22506672071328288,0.0,0.0,0.0
126.0,12.535443893666502,-6.240246645048135,0.0,0.0,1.8801369158188007e-06,0.0,0.0,-6.582420601849998,20.5794109308,0.0,0.0,0.34217395680186335,0.0,5.167006234432824e-06,0.0,0.038273104391770736,0.004186351952379111,-0.22506668078850925,0.0,0.0,0.0
127.0,12.535443672662472,-6.240244828465239,0.0,0.0,1.9007999350270607e-06,0.0,0.0,-6.5824187113724335,20.5794109308,0.0,0.0,0.3421738829071943,0.0,5.2237925893670465e-06,0.0,0.038273095312629755,0.0041863775583080715,-0.2250666403719997,0.0,0.0,0.0
128.0,12.535443463744537,-6.2402429926964205,0.0,0.0,1.9213507889222687e-06,0.0,0.0,-6.5824168002875165,20.5794109308,0.0,0.0,0.34217380759109606,0.0,5.2802706876554326e-06,0.0,0.038273086135855776,0.004186403410848624,-0.2250665994658312,0.0,0.0,0.0
129.0,12.535443266941076,-6.240241137870464,0.0,0.0,1.9417844949438137e-06,0.0,0.0,-6.582414868709905,20.5794109308,0.0,0.0,0.34217373083944125,0.0,5.336426835996372e-06,0.0,0.0382730768620739,0.004186429507931827,-0.22506655807220047,0.0,0.0,0.0
130.0,12.535443082279535,-6.240239264121019,0.0,0.0,1.962096075215621e-06,0.0,0.0,-6.582412916759235,20.5794109308,0.0,0.0,0.3421736526382162,0.0,5.392247353963201e-06,0.0,0.03827306749193387,0.0041864558474244,-0.22506651619342377,0.0,0.0,0.0
131.0,12.535442909786402,-6.240237371586595,0.0,0.0,1.9822805571675115e-06,0.0,0.0,-6.58241094456012,20.5794109308,0.0,0.0,0.34217357297352535,0.0,5.447718575712009e-06,0.0,0.03827305802610999,0.004186482427129032,-0.22506647383193712,0.0,0.0,0.0
132.0,12.53544274948719,-6.2402354604105446,0.0,0.0,2.0023329741688885e-06,0.0,0.0,-6.582408952242142,20.5794109308,0.0,0.0,0.3421734918315975,0.0,5.502826851723296e-06,0.0,0.03827304846530114,0.0041865092447844615,-0.22506643099029577,0.0,0.0,0.0
133.0,12.535442601406409,-6.24023353074106,0.0,0.0,2.022248366160945e-06,0.0,0.0,-6.582406939939847,20.5794109308,0.0,0.0,0.3421734091987867,0.0,5.5575585505396e-06,0.0,0.038273038810230704,0.004186536298065716,-0.2250663876711745,0.0,0.0,0.0
134.0,12.535442465567549,-6.24023158273116,0.0,0.0,2.0420217802975177e-06,0.0,0.0,-6.582404907792736,20.5794109308,0.0,0.0,0.3421733250615757,0.0,5.611900060526859e-06,0.0,0.038273029061646494,0.004186563584584191,-0.22506634387736718,0.0,0.0,0.0
135.0,12.53544234199306,-6.24022961653868,0.0,0.0,2.061648271590443e-06,0.0,0.0,-6.5824028559452605,20.5794109308,0.0,0.0,0.3421732394065806,0.0,5.6658377916481585e-06,0.0,0.038273019220320746,0.004186591101888015,-0.22506629961178676,0.0,0.0,0.0
136.0,12.535442230704327,-6.240227632326259,0.0,0.0,2.0811229035610048e-06,0.0,0.0,-6.582400784546812,20.5794109308,0.0,0.0,0.34217315222055333,0.0,5.719358177254216e-06,0.0,0.03827300928705003,0.004186618847462048,-0.22506625487746507,0.0,0.0,0.0
137.0,12.535442131721654,-6.240225630261328,0.0,0.0,2.1004407488963064e-06,0.0,0.0,-6.582398693751715,20.5794109308,0.0,0.0,0.342173063490387,0.0,5.772447675887408e-06,0.0,0.038272999262655205,0.004186646818728282,-0.22506620967755275,0.0,0.0,0.0
138.0,12.535442045064238,-6.2402236105160975,0.0,0.0,2.119596890109778e-06,0.0,0.0,-6.582396583719215,20.5794109308,0.0,0.0,0.3421729732031178,0.0,5.825092773097151e-06,0.0,0.03827298914798136,0.0041866750130458985,-0.22506616401531881,0.0,0.0,0.0
139.0,12.535441970750153,-6.240221573267541,0.0,0.0,2.1385864202076374e-06,0.0,0.0,-6.582394454613472,20.5794109308,0.0,0.0,0.34217288134593105,0.0,5.877279983271644e-06,0.0,0.038272978943897716,0.004186703427711672,-0.22506611789415065,0.0,0.0,0.0
140.0,12.535441908796328,-6.240219518697385,0.0,0.0,2.157404443358471e-06,0.0,0.0,-6.582392306603544,20.5794109308,0.0,0.0,0.3421727879061587,0.0,5.928995851478195e-06,0.0,0.038272968651297604,0.004186732059960022,-0.2250660713175538,0.0,0.0,0.0
141.0,12.53544185921853,-6.240217446992091,0.0,0.0,2.176046075569689e-06,0.0,0.0,-6.582390139863382,20.5794109308,0.0,0.0,0.3421726928712916,0.0,5.980226955322431e-06,0.0,0.038272958271098355,0.0041867609069634465,-0.2250660242891515,0.0,0.0,0.0
142.0,12.53544182203134,-6.240215358342839,0.0,0.0,2.194506445369017e-06,0.0,0.0,-6.582387954571814,20.5794109308,0.0,0.0,0.3421725962289752,0.0,6.030959906821355e-06,0.0,0.03827294780424127,0.004186789965832577,-0.22506597681268475,0.0,0.0,0.0
143.0,12.535441797248135,-6.240213252945515,0.0,0.0,2.2127806944863903e-06,0.0,0.0,-6.5823857509125325,20.5794109308,0.0,0.0,0.34217249796701754,0.0,6.0811813542774975e-06,0.0,0.038272937251691466,0.004186819233616704,-0.22506592889201182,0.0,0.0,0.0
144.0,12.53544178488107,-6.240211131000691,0.0,0.0,2.230863978544081e-06,0.0,0.0,-6.582383529074081,20.5794109308,0.0,0.0,0.34217239807338995,0.0,6.130877984175708e-06,0.0,0.03827292661443788,0.004186848707303695,-0.22506588053110804,0.0,0.0,0.0
145.0,12.535441784941064,-6.240208992713606,0.0,0.0,2.2487514677490022e-06,0.0,0.0,-6.582381289249841,20.5794109308,0.0,0.0,0.3421722965362344,0.0,6.18003652308592e-06,0.0,0.038272915893493104,0.0041868783838206886,-0.22506583173406536,0.0,0.0,0.0
146.0,12.535441797437768,-6.240206838294155,0.0,0.0,2.266438347590634e-06,0.0,0.0,-6.582379031638015,20.5794109308,0.0,0.0,0.3421721933438606,0.0,6.228643739581366e-06,0.0,0.038272905089893366,0.004186908260034053,-0.2250657825050924,0.0,0.0,0.0
147.0,12.53544182237956,-6.240204667956858,0.0,0.0,2.283919819540227e-06,0.0,0.0,-6.582376756441615,20.5794109308,0.0,0.0,0.342172088484757,0.0,6.276686446160305e-06,0.0,0.0382728942046984,0.004186938332749898,-0.2250657328485137,0.0,0.0,0.0
148.0,12.53544185977352,-6.240202481920852,0.0,0.0,2.301191101755958e-06,0.0,0.0,-6.58237446386844,20.5794109308,0.0,0.0,0.3421719819475886,0.0,6.324151501184104e-06,0.0,0.03827288323899133,0.004186968598714272,-0.2250656827687696,0.0,0.0,0.0
149.0,12.535441909625412,-6.240200280409861,0.0,0.0,2.318247429793411e-06,0.0,0.0,-6.582372154131064,20.5794109308,0.0,0.0,0.3421718737212025,0.0,6.371025810829954e-06,0.0,0.038272872193878614,0.004186999054613519,-0.22506563227041576,0.0,0.0,0.0
150.0,12.535441971939669,-6.240198063652184,0.0,0.0,2.335084057315393e-06,0.0,0.0,-6.582369827446815,20.5794109308,0.0,0.0,0.34217176379463066,0.0,6.417296331041758e-06,0.0,0.03827286107048991,0.004187029697074698,-0.22506558135812305,0.0,0.0,0.0
151.0,12.535442046719375,-6.2401958318806665,0.0,0.0,2.351696256807616e-06,0.0,0.0,-6.582367484037759,20.5794109308,0.0,0.0,0.34217165215709233,0.0,6.462950069497143e-06,0.0,0.03827284986997802,0.004187060522665695,-0.22506553003667668,0.0,0.0,0.0
152.0,12.535442133966244,-6.240193585332679,0.0,0.0,2.368079320297762e-06,0.0,0.0,-6.58236512413068,20.5794109308,0.0,0.0,0.34217153879800133,0.0,6.507974087583753e-06,0.0,0.038272838593518675,0.004187091527895856,-0.22506547831097629,0.0,0.0,0.0
153.0,12.535442233680609,-6.2401913242500955,0.0,0.0,2.3842285600778184e-06,0.0,0.0,-6.58236274795706,20.5794109308,0.0,0.0,0.3421714237069642,0.0,6.552355502384553e-06,0.0,0.03827282724231055,0.004187122709216132,-0.22506542618603514,0.0,0.0,0.0
154.0,12.5354423458614,-6.2401890488792695,0.0,0.0,2.4001393094274517e-06,0.0,0.0,-6.582360355753057,20.5794109308,0.0,0.0,0.3421713068737873,0.0,6.596081488665956e-06,0.0,0.03827281581757506,0.00418715406301956,-0.22506537366697985,0.0,0.0,0.0
155.0,12.535442470506132,-6.240186759471007,0.0,0.0,2.4158069233434334e-06,0.0,0.0,-6.582357947759486,20.5794109308,0.0,0.0,0.3421711882884786,0.0,6.6391392808826006e-06,0.0,0.03827280432055625,0.004187185585641656,-0.22506532075904992,0.0,0.0,0.0
156.0,12.535442607610884,-6.240184456280547,0.0,0.0,2.431226779270431e-06,0.0,0.0,-6.582355524221796,20.5794109308,0.0,0.0,0.3421710679412495,0.0,6.6815161751858765e-06,0.0,0.0382727927525207,0.0041872172733606605,-0.22506526746759725,0.0,0.0,0.0
157.0,12.535442757170287,-6.240182139567526,0.0,0.0,2.446394277831491e-06,0.0,0.0,-6.582353085390047,20.5794109308,0.0,0.0,0.34217094582252106,0.0,6.723199531431597e-06,0.0,0.03827278111475738,0.004187249122398096,-0.22506521379808556,0.0,0.0,0.0
158.0,12.535442919177507,-6.24017980959596,0.0,0.0,2.4613048435673655e-06,0.0,0.0,-6.582350631518886,20.5794109308,0.0,0.0,0.3421708219229256,0.0,6.764176775211963e-06,0.0,0.038272769408577524,0.0041872811289191125,-0.22506515975608996,0.0,0.0,0.0
159.0,12.535443093624227,-6.240177466634214,0.0,0.0,2.4759539256730004e-06,0.0,0.0,-6.582348162867522,20.5794109308,0.0,0.0,0.34217069623330776,0.0,6.804435399879754e-06,0.0,0.03827275763531449,0.004187313289032921,-0.22506510534729646,0.0,0.0,0.0
160.0,12.535443280500639,-6.240175110954971,0.0,0.0,2.490336998737267e-06,0.0,0.0,-6.582345679699705,20.5794109308,0.0,0.0,0.3421705687447334,0.0,6.843962968581395e-06,0.0,0.038272745796323615,0.004187345598793149,-0.2250650505775013,0.0,0.0,0.0
161.0,12.535443479795418,-6.240172742835209,0.0,0.0,2.504449563486344e-06,0.0,0.0,-6.582343182283695,20.5794109308,0.0,0.0,0.3421704394484859,0.0,6.88274711630008e-06,0.0,0.038272733892982094,0.004187378054198401,-0.22506499545261044,0.0,0.0,0.0
162.0,12.535443691495718,-6.240170362556164,0.0,0.0,2.518287147527959e-06,0.0,0.0,-6.582340670892238,20.5794109308,0.0,0.0,0.3421703083360743,0.0,6.92077555190124e-06,0.0,0.03827272192668879,0.004187410651192602,-0.22506493997863908,0.0,0.0,0.0
163.0,12.535443915587152,-6.240167970403306,0.0,0.0,2.53184530609893e-06,0.0,0.0,-6.582338145802542,20.5794109308,0.0,0.0,0.3421701753992359,0.0,6.958036060187081e-06,0.0,0.03827270989886416,0.00418744338566554,-0.22506488416171083,0.0,0.0,0.0
164.0,12.535444152053778,-6.240165566666305,0.0,0.0,2.545119622810844e-06,0.0,0.0,-6.5823356072962405,20.5794109308,0.0,0.0,0.3421700406299353,0.0,6.994516503946005e-06,0.0,0.038272697810950024,0.004187476253453226,-0.2250648280080573,0.0,0.0,0.0
165.0,12.535444400878088,-6.240163151639,0.0,0.0,2.5581057104026137e-06,0.0,0.0,-6.582333055659372,20.5794109308,0.0,0.0,0.3421699040203725,0.0,7.0302048260209196e-06,0.0,0.03827268566440944,0.004187509250338478,-0.22506477152401738,0.0,0.0,0.0
166.0,12.535444662040993,-6.240160725619366,0.0,0.0,2.5707992114888107e-06,0.0,0.0,-6.582330491182349,20.5794109308,0.0,0.0,0.34216976556298295,0.0,7.065089051365948e-06,0.0,0.03827267346072657,0.004187542372051309,-0.22506471471603673,0.0,0.0,0.0
167.0,12.535444935521808,-6.240158288909481,0.0,0.0,2.5831957993143447e-06,0.0,0.0,-6.582327914159921,20.5794109308,0.0,0.0,0.34216962525044003,0.0,7.099157289120571e-06,0.0,0.03827266120140647,0.004187575614269565,-0.22506465759066685,0.0,0.0,0.0
168.0,12.53544522129824,-6.240155841815493,0.0,0.0,2.595291178505746e-06,0.0,0.0,-6.582325324891154,20.5794109308,0.0,0.0,0.34216948307566053,0.0,7.132397734674429e-06,0.0,0.03827264888797495,0.004187608972619175,-0.22506460015456448,0.0,0.0,0.0
169.0,12.535445519346377,-6.2401533846475825,0.0,0.0,2.6070810858269395e-06,0.0,0.0,-6.582322723679389,20.5794109308,0.0,0.0,0.34216933903180635,0.0,7.164798671744469e-06,0.0,0.03827263652197839,0.004187642442675027,-0.2250645424144911,0.0,0.0,0.0
170.0,12.535445829640675,-6.24015091771993,0.0,0.0,2.6185612909348616e-06,0.0,0.0,-6.5823201108322165,20.5794109308,0.0,0.0,0.34216919311228633,0.0,7.196348474451651e-06,0.0,0.03827262410498356,0.004187676019961173,-0.22506448437731197,0.0,0.0,0.0
171.0,12.535446152153945,-6.240148441350679,0.0,0.0,2.629727597134873e-06,0.0,0.0,-6.58231748666144,20.5794109308,0.0,0.0,0.34216904531076064,0.0,7.227035609397098e-06,0.0,0.03827261163857749,0.004187709699951456,-0.22506442604999555,0.0,0.0,0.0
172.0,12.53544648685734,-6.240145955861898,0.0,0.0,2.6405758421383247e-06,0.0,0.0,-6.5823148514830425,20.5794109308,0.0,0.0,0.3421688956211444,0.0,7.256848637744143e-06,0.0,0.0382725991243672,0.0041877434780701744,-0.2250643674396126,0.0,0.0,0.0
173.0,12.535446833720346,-6.240143461579545,0.0,0.0,2.6511018988192425e-06,0.0,0.0,-6.582312205617152,20.5794109308,0.0,0.0,0.34216874403760666,0.0,7.285776217297975e-06,0.0,0.038272586563979596,0.004187777349692529,-0.2250643085533355,0.0,0.0,0.0
174.0,12.535447192710771,-6.240140958833427,0.0,0.0,2.6613016759715896e-06,0.0,0.0,-6.582309549388005,20.5794109308,0.0,0.0,0.3421685905545777,0.0,7.313807104586845e-06,0.0,0.03827257395906122,0.0041878113101451175,-0.22506424939843747,0.0,0.0,0.0
175.0,12.535447563794731,-6.240138447957162,0.0,0.0,2.6711711190677117e-06,0.0,0.0,-6.582306883123912,20.5794109308,0.0,0.0,0.3421684351667498,0.0,7.340930156946531e-06,0.0,0.03827256131127811,0.004187845354706662,-0.22506418998229172,0.0,0.0,0.0
176.0,12.535447946936642,-6.240135929288139,0.0,0.0,2.680706211013861e-06,0.0,0.0,-6.582304207157217,20.5794109308,0.0,0.0,0.342168277869078,0.0,7.36713433459677e-06,0.0,0.03827254862231556,0.004187879478608589,-0.22506413031237055,0.0,0.0,0.0
177.0,12.535448342099208,-6.24013340316748,0.0,0.0,2.689902972910642e-06,0.0,0.0,-6.582301521824267,20.5794109308,0.0,0.0,0.34216811865678665,0.0,7.392408702731204e-06,0.0,0.03827253589387793,0.004187913677035346,-0.2250640703962447,0.0,0.0,0.0
178.0,12.535448749243415,-6.240130869939993,0.0,0.0,2.6987574648089433e-06,0.0,0.0,-6.582298827465362,20.5794109308,0.0,0.0,0.3421679575253691,0.0,7.4167424335949286e-06,0.0,0.038272523127688474,0.004187947945125434,-0.22506401024158237,0.0,0.0,0.0
179.0,12.535449168328512,-6.240128329954135,0.0,0.0,2.707265786465708e-06,0.0,0.0,-6.582296124424727,20.5794109308,0.0,0.0,0.3421677944705923,0.0,7.440124808561585e-06,0.0,0.03827251032548907,0.004187982277971666,-0.22506394985614825,0.0,0.0,0.0
180.0,12.535449599312013,-6.240125783561967,0.0,0.0,2.7154240781015916e-06,0.0,0.0,-6.582293413050466,20.5794109308,0.0,0.0,0.34216762948849855,0.0,7.462545220215633e-06,0.0,0.03827249748904005,0.004188016670621977,-0.22506388924780274,0.0,0.0,0.0
181.0,12.535450042149682,-6.240123231119114,0.0,0.0,2.7232285211564767e-06,0.0,0.0,-6.582290693694521,20.5794109308,0.0,0.0,0.3421674625754072,0.0,7.483993174428736e-06,0.0,0.03827248462011999,0.004188051118079947,-0.22506382842450112,0.0,0.0,0.0
182.0,12.535450496795525,-6.240120672984714,0.0,0.0,2.730675339044067e-06,0.0,0.0,-6.582287966712633,20.5794109308,0.0,0.0,0.3421672937279183,0.0,7.504458292433604e-06,0.0,0.038272471720525475,0.004188085615305509,-0.22506376739429237,0.0,0.0,0.0
183.0,12.535450963201777,-6.240118109521382,0.0,0.0,2.737760797903857e-06,0.0,0.0,-6.582285232464296,20.5794109308,0.0,0.0,0.3421671229429144,0.0,7.523930312890628e-06,0.0,0.03827245879207087,0.004188120157215605,-0.22506370616531846,0.0,0.0,0.0
184.0,12.535451441318905,-6.2401155410951565,0.0,0.0,2.7444812073565626e-06,0.0,0.0,-6.5822824913127205,20.5794109308,0.0,0.0,0.34216695021756394,0.0,7.542399093964012e-06,0.0,0.038272445836588107,0.004188154738684807,-0.2250636447458132,0.0,0.0,0.0
185.0,12.53545193109559,-6.240112968075459,0.0,0.0,2.750832921253812e-06,0.0,0.0,-6.582279743624781,20.5794109308,0.0,0.0,0.3421667755493223,0.0,7.55985461538213e-06,0.0,0.03827243285592646,0.004188189354545985,-0.22506358314410133,0.0,0.0,0.0
186.0,12.535452432478722,-6.240110390835042,0.0,0.0,2.7568123384283095e-06,0.0,0.0,-6.582276989770977,20.5794109308,0.0,0.0,0.34216659893593526,0.0,7.5762869804991756e-06,0.0,0.038272419851952275,0.004188223999591012,-0.22506352136859764,0.0,0.0,0.0
187.0,12.535452945413397,-6.240107809749947,0.0,0.0,2.7624159034404213e-06,0.0,0.0,-6.582274230125389,20.5794109308,0.0,0.0,0.34216642037544176,0.0,7.59168641834698e-06,0.0,0.0382724068265488,0.004188258668571407,-0.22506345942780565,0.0,0.0,0.0
188.0,12.535453469842903,-6.240105225199451,0.0,0.0,2.767640107326114e-06,0.0,0.0,-6.5822714650656255,20.5794109308,0.0,0.0,0.34216623986617467,0.0,7.6060432856905266e-06,0.0,0.03827239378161586,0.004188293356199108,-0.22506339733031683,0.0,0.0,0.0
189.0,12.53545400570872,-6.240102637566019,0.0,0.0,2.7724814883426933e-06,0.0,0.0,-6.582268694972782,20.5794109308,0.0,0.0,0.34216605740676354,0.0,7.61934806907744e-06,0.0,0.03827238071906968,0.004188328057147098,-0.22506333508480955,0.0,0.0,0.0
190.0,12.535454552950513,-6.240100047235257,0.0,0.0,2.7769366327098123e-06,0.0,0.0,-6.582265920231395,20.5794109308,0.0,0.0,0.3421658729961381,0.0,7.631591386874433e-06,0.0,0.03827236764084261,0.004188362766050141,-0.22506327270004772,0.0,0.0,0.0
191.0,12.535455111506122,-6.2400974545958565,0.0,0.0,2.781002175347461e-06,0.0,0.0,-6.582263141229385,20.5794109308,0.0,0.0,0.3421656866335283,0.0,7.642763991295494e-06,0.0,0.03827235454888288,0.004188397477505559,-0.22506321018488004,0.0,0.0,0.0
192.0,12.535455681311559,-6.240094860039548,0.0,0.0,2.784674800619603e-06,0.0,0.0,-6.582260358358017,20.5794109308,0.0,0.0,0.34216549831846876,0.0,7.652856770445553e-06,0.0,0.03827234144515434,0.004188432186073912,-0.22506314754823864,0.0,0.0,0.0
193.0,12.535456262301002,-6.240092263961046,0.0,0.0,2.7879512430640315e-06,0.0,0.0,-6.582257572011845,20.5794109308,0.0,0.0,0.3421653080507996,0.0,7.661860750326285e-06,0.0,0.038272328331636185,0.00418846688627969,-0.22506308479913814,0.0,0.0,0.0
194.0,12.535456854406794,-6.240089666757997,0.0,0.0,2.7908282881287902e-06,0.0,0.0,-6.582254782588664,20.5794109308,0.0,0.0,0.34216511583066733,0.0,7.669767096859956e-06,0.0,0.038272315210322747,0.0041885015726122465,-0.22506302194667438,0.0,0.0,0.0
195.0,12.535457457559433,-6.240087068830927,0.0,0.0,2.7933027729001164e-06,0.0,0.0,-6.582251990489456,20.5794109308,0.0,0.0,0.3421649216585294,0.0,7.676567117889944e-06,0.0,0.038272302083223145,0.004188536239526336,-0.22506295900002327,0.0,0.0,0.0
196.0,12.535458071687572,-6.240084470583187,0.0,0.0,2.7953715868309673e-06,0.0,0.0,-6.582249196118342,20.5794109308,0.0,0.0,0.342164725535155,0.0,7.682252265182878e-06,0.0,0.0382722889523611,0.0041885708814430045,-0.22506289596843965,0.0,0.0,0.0
197.0,12.53545869671801,-6.2400818724209,0.0,0.0,2.7970316724626483e-06,0.0,0.0,-6.582246399882526,20.5794109308,0.0,0.0,0.34216452746162584,0.0,7.6868141364118e-06,0.0,0.038272275819774625,0.00418860549275038,-0.22506283286125614,0.0,0.0,0.0
198.0,12.535459332575694,-6.240079274752901,0.0,0.0,2.7982800261488086e-06,0.0,0.0,-6.582243602192242,20.5794109308,0.0,0.0,0.3421643274393409,0.0,7.690244477145836e-06,0.0,0.038272262687515726,0.004188640067804422,-0.22506276968788178,0.0,0.0,0.0
199.0,12.535459979183715,-6.240076677990687,0.0,0.0,2.7991136987706174e-06,0.0,0.0,-6.582240803460701,20.5794109308,0.0,0.0,0.3421641254700143,0.0,7.692535182815611e-06,0.0,0.03827224955765018,0.004188674600929698,-0.2250627064578009,0.0,0.0,0.0
200.0,12.535460636463302,-6.2400740825483565,0.0,0.0,2.7995297964516533e-06,0.0,0.0,-6.5822380041040365,20.5794109308,0.0,0.0,0.34216392155568,0.0,7.693678300677882e-06,0.0,0.03827223643225717,0.004188709086420203,-0.22506264318057195,0.0,0.0,0.0
201.0,12.535461304333824,-6.240071488842553,0.0,0.0,2.7995254812651633e-06,0.0,0.0,-6.582235204541247,20.5794109308,0.0,0.0,0.3421637156986943,0.0,7.69366603175919e-06,0.0,0.03827222331342909,0.004188743518540219,-0.22506257986582603,0.0,0.0,0.0
202.0,12.535461982712784,-6.240068897292405,0.0,0.0,2.7990979719441346e-06,0.0,0.0,-6.58223240519414,20.5794109308,0.0,0.0,0.3421635079017351,0.0,7.692490732807231e-06,0.0,0.038272210203271206,0.004188777891525067,-0.22506251652326578,0.0,0.0,0.0
203.0,12.535462671515818,-6.240066308319473,0.0,0.0,2.7982445445803166e-06,0.0,0.0,-6.582229606487276,20.5794109308,0.0,0.0,0.34216329816780355,0.0,7.690144918211867e-06,0.0,0.03827219710390135,0.00418881219958199,-0.22506245316266393,0.0,0.0,0.0
204.0,12.535463370656695,-6.240063722347684,0.0,0.0,2.796962533323811e-06,0.0,0.0,-6.582226808847913,20.5794109308,0.0,0.0,0.34216308650022853,0.0,7.686621261927674e-06,0.0,0.038272184017449654,0.004188846436890964,-0.22506238979386223,0.0,0.0,0.0
205.0,12.535464080047314,-6.2400611398032755,0.0,0.0,2.795249331076251e-06,0.0,0.0,-6.58222401270594,20.5794109308,0.0,0.0,0.3421628729026649,0.0,7.681912599378882e-06,0.0,0.03827217094605825,0.004188880597605513,-0.22506232642676982,0.0,0.0,0.0
206.0,12.535464799597708,-6.240058561114733,0.0,0.0,2.7931023901817178e-06,0.0,0.0,-6.582221218493831,20.5794109308,0.0,0.0,0.3421626573790979,0.0,7.67601192935807e-06,0.0,0.03827215789188093,0.004188914675853653,-0.22506226307136212,0.0,0.0,0.0
207.0,12.535465529216037,-6.240055986712728,0.0,0.0,2.7905192231070685e-06,0.0,0.0,-6.58221842664657,20.5794109308,0.0,0.0,0.34216243993384143,0.0,7.668912415895788e-06,0.0,0.0382721448570829,0.0041889486657386565,-0.22506219973767932,0.0,0.0,0.0
208.0,12.535466268808593,-6.24005341703006,0.0,0.0,2.7874974031271214e-06,0.0,0.0,-6.582215637601602,20.5794109308,0.0,0.0,0.34216222057154244,0.0,7.660607390143474e-06,0.0,0.0382721318438404,0.004188982561339982,-0.2250621364358251,0.0,0.0,0.0
209.0,12.535467018279798,-6.240050852501588,0.0,0.0,2.784034564995272e-06,0.0,0.0,-6.5822128517987695,20.5794109308,0.0,0.0,0.34216199929718183,0.0,7.651090352216375e-06,0.0,0.03827211885434046,0.004189016356714162,-0.22506207317596505,0.0,0.0,0.0
210.0,12.535467777532206,-6.240048293564172,0.0,0.0,2.7801284056154163e-06,0.0,0.0,-6.582210069680246,20.5794109308,0.0,0.0,0.34216177611607446,0.0,7.64035497304002e-06,0.0,0.03827210589078052,0.004189050045895634,-0.22506200996832554,0.0,0.0,0.0
211.0,12.535468546466506,-6.240045740656609,0.0,0.0,2.7757766847061975e-06,0.0,0.0,-6.582207291690479,20.5794109308,0.0,0.0,0.34216155103387,0.0,7.628395096175595e-06,0.0,0.03827209295536817,0.004189083622897646,-0.22506194682319208,0.0,0.0,0.0
212.0,12.535469324981515,-6.240043194219567,0.0,0.0,2.770977225459409e-06,0.0,0.0,-6.582204518276123,20.5794109308,0.0,0.0,0.34216132405655664,0.0,7.615204739629278e-06,0.0,0.03827208005032079,0.004189117081713253,-0.22506188375090785,0.0,0.0,0.0
213.0,12.53547011297419,-6.240040654695519,0.0,0.0,2.765727915196341e-06,0.0,0.0,-6.582201749885979,20.5794109308,0.0,0.0,0.3421610951904599,0.0,7.600778097655868e-06,0.0,0.03827206717786524,0.004189150416316081,-0.22506182076187242,0.0,0.0,0.0
214.0,12.535470910339628,-6.24003812252868,0.0,0.0,2.7600267060121053e-06,0.0,0.0,-6.582198986970926,20.5794109308,0.0,0.0,0.34216086444224647,0.0,7.585109542529418e-06,0.0,0.03827205434023752,0.004189183620661369,-0.2250617578665402,0.0,0.0,0.0
215.0,12.535471716971063,-6.24003559816494,0.0,0.0,2.7538716154206138e-06,0.0,0.0,-6.582196229983861,20.5794109308,0.0,0.0,0.3421606318189214,0.0,7.5681936263156225e-06,0.0,0.038272041539682444,0.004189216688686784,-0.22506169507541868,0.0,0.0,0.0
216.0,12.535472532759874,-6.240033082051795,0.0,0.0,2.7472607269887835e-06,0.0,0.0,-6.582193479379629,20.5794109308,0.0,0.0,0.34216039732783354,0.0,7.550025082614615e-06,0.0,0.03827202877845332,0.004189249614313453,-0.22506163239906748,0.0,0.0,0.0
217.0,12.535473357595587,-6.240030574638285,0.0,0.0,2.7401921909694778e-06,0.0,0.0,-6.582190735614957,20.5794109308,0.0,0.0,0.3421601609766718,0.0,7.530598828300265e-06,0.0,0.03827201605881159,0.004189282391446877,-0.22506156984809628,0.0,0.0,0.0
218.0,12.535474191365878,-6.240028076374921,0.0,0.0,2.7326642249230693e-06,0.0,0.0,-6.582187999148391,20.5794109308,0.0,0.0,0.34215992277346974,0.0,7.509909965228217e-06,0.0,0.03827200338302651,0.00418931501397779,-0.22506150743316358,0.0,0.0,0.0
219.0,12.535475033956581,-6.2400255877136175,0.0,0.0,2.72467511433449e-06,0.0,0.0,-6.582185270440223,20.5794109308,0.0,0.0,0.3421596827266056,0.0,7.4879537819315085e-06,0.0,0.03827199075337479,0.004189347475783256,-0.22506144516497506,0.0,0.0,0.0
220.0,12.535475885251685,-6.240023109107625,0.0,0.0,2.7162232132251356e-06,0.0,0.0,-6.582182549952426,20.5794109308,0.0,0.0,0.3421594408448012,0.0,7.464725755302043e-06,0.0,0.03827197817214023,0.004189379770727503,-0.22506138305428197,0.0,0.0,0.0
221.0,12.535476745133343,-6.240020641011459,0.0,0.0,2.7073069447580463e-06,0.0,0.0,-6.582179838148586,20.5794109308,0.0,0.0,0.3421591971371267,0.0,7.440221552253584e-06,0.0,0.038271965641613455,0.0041894118926629476,-0.22506132111187974,0.0,0.0,0.0
222.0,12.535477613481879,-6.2400181838808315,0.0,0.0,2.697924801832428e-06,0.0,0.0,-6.582177135493829,20.5794109308,0.0,0.0,0.3421589516129977,0.0,7.41443703135544e-06,0.0,0.03827195316409145,0.004189443835431253,-0.22506125934860605,0.0,0.0,0.0
223.0,12.535478490175793,-6.240015738172578,0.0,0.0,2.688075347676641e-06,0.0,0.0,-6.582174442454754,20.5794109308,0.0,0.0,0.3421587042821761,0.0,7.387368244461935e-06,0.0,0.03827194074187729,0.004189475592864103,-0.2250611977753395,0.0,0.0,0.0
224.0,12.535479375091763,-6.240013304344588,0.0,0.0,2.677757216429841e-06,0.0,0.0,-6.58217175949936,20.5794109308,0.0,0.0,0.34215845515477206,0.0,7.359011438310691e-06,0.0,0.03827192837727974,0.004189507158784342,-0.22506113640299794,0.0,0.0,0.0
225.0,12.535480268104653,-6.240010882855733,0.0,0.0,2.6669691137171524e-06,0.0,0.0,-6.582169087096979,20.5794109308,0.0,0.0,0.34215820424124566,0.0,7.329363056103122e-06,0.0,0.038271916072612905,0.004189538527007028,-0.2250610752425366,0.0,0.0,0.0
226.0,12.535481169087522,-6.240008474165794,0.0,0.0,2.6557098172194876e-06,0.0,0.0,-6.582166425718198,20.5794109308,0.0,0.0,0.34215795155240425,0.0,7.298419739070216e-06,0.0,0.03827190383019589,0.004189569691340184,-0.22506101430494685,0.0,0.0,0.0
227.0,12.53548207791163,-6.240006078735388,0.0,0.0,2.6439781772322394e-06,0.0,0.0,-6.582163775834793,20.5794109308,0.0,0.0,0.34215769709940513,0.0,7.266178328007719e-06,0.0,0.038271891652352376,0.0041896006455861,-0.22506095360125405,0.0,0.0,0.0
228.0,12.535482994446443,-6.240003697025896,0.0,0.0,2.631773117222583e-06,0.0,0.0,-6.582161137919652,20.5794109308,0.0,0.0,0.34215744089375555,0.0,7.232635864807511e-06,0.0,0.03827187954141035,0.004189631383542156,-0.22506089314251626,0.0,0.0,0.0
229.0,12.535483918559645,-6.240001329499389,0.0,0.0,2.619093634368314e-06,0.0,0.0,-6.582158512446701,20.5794109308,0.0,0.0,0.3421571829473118,0.0,7.197789593938213e-06,0.0,0.03827186749970163,0.0041896618990018425,-0.22506083293982226,0.0,0.0,0.0
230.0,12.535484850117141,-6.239998976618552,0.0,0.0,2.6059388001003544e-06,0.0,0.0,-6.582155899890834,20.5794109308,0.0,0.0,0.34215692327228187,0.0,7.1616369639358855e-06,0.0,0.03827185552956154,0.004189692185755947,-0.22506077300429012,0.0,0.0,0.0
231.0,12.535485788983072,-6.2399966388466135,0.0,0.0,2.5923077606281405e-06,0.0,0.0,-6.582153300727836,20.5794109308,0.0,0.0,0.34215666188122285,0.0,7.124175628847665e-06,0.0,0.03827184363332856,0.004189722237593341,-0.22506071334706518,0.0,0.0,0.0
232.0,12.535486735019816,-6.239994316647264,0.0,0.0,2.5781997374615507e-06,0.0,0.0,-6.582150715434309,20.5794109308,0.0,0.0,0.3421563987870444,0.0,7.085403449665892e-06,0.0,0.038271831813343905,0.004189752048302284,-0.22506065397931851,0.0,0.0,0.0
233.0,12.535487688088004,-6.239992010484587,0.0,0.0,2.563614027922493e-06,0.0,0.0,-6.582148144487592,20.5794109308,0.0,0.0,0.3421561340030044,0.0,7.045318495733812e-06,0.0,0.03827182007195116,0.004189781611671162,-0.22506059491224517,0.0,0.0,0.0
234.0,12.535488648046526,-6.239989720822979,0.0,0.0,2.5485500056493844e-06,0.0,0.0,-6.582145588365692,20.5794109308,0.0,0.0,0.3421558675427132,0.0,7.003919046131742e-06,0.0,0.03827180841149591,0.004189810921489859,-0.22506053615706229,0.0,0.0,0.0
235.0,12.535489614752542,-6.239987448127072,0.0,0.0,2.5330071210907846e-06,0.0,0.0,-6.582143047547202,20.5794109308,0.0,0.0,0.3421555994201304,0.0,6.96120359103342e-06,0.0,0.03827179683432535,0.004189839971550535,-0.22506047772500748,0.0,0.0,0.0
236.0,12.535490588061496,-6.23998519286166,0.0,0.0,2.5169849019908494e-06,0.0,0.0,-6.582140522511228,20.5794109308,0.0,0.0,0.3421553296495681,0.0,6.917170833039868e-06,0.0,0.03827178534278786,0.004189868755648862,-0.2250604196273368,0.0,0.0,0.0
237.0,12.535491567827117,-6.23998295549162,0.0,0.0,2.5004829538685107e-06,0.0,0.0,-6.582138013737308,20.5794109308,0.0,0.0,0.34215505824568737,0.0,6.871819688496018e-06,0.0,0.0382717739392327,0.004189897267584994,-0.22506036187532333,0.0,0.0,0.0
238.0,12.535492553901443,-6.239980736481834,0.0,0.0,2.4835009604823354e-06,0.0,0.0,-6.582135521705336,20.5794109308,0.0,0.0,0.34215478522350207,0.0,6.8251492887679575e-06,0.0,0.03827176262600954,0.004189925501164649,-0.225060304480255,0.0,0.0,0.0
239.0,12.535493546134822,-6.23997853629711,0.0,0.0,2.466038684290376e-06,0.0,0.0,-6.582133046895482,20.5794109308,0.0,0.0,0.3421545105983723,0.0,6.777158981506427e-06,0.0,0.03827175140546808,0.004189953450200221,-0.2250602474534329,0.0,0.0,0.0
240.0,12.535494544375927,-6.239976355402105,0.0,0.0,2.4480959668988344e-06,0.0,0.0,-6.5821305897881155,20.5794109308,0.0,0.0,0.3421542343860109,0.0,6.727848331879555e-06,0.0,0.0382717402799577,0.004189981108511792,-0.22506019080616957,0.0,0.0,0.0
241.0,12.535495548471776,-6.2399741942612446,0.0,0.0,2.4296727295012735e-06,0.0,0.0,-6.582128150863722,20.5794109308,0.0,0.0,0.3421539566024778,0.0,6.677217123779616e-06,0.0,0.038271729251827036,0.004190008469928272,-0.225060134549787,0.0,0.0,0.0
242.0,12.535496558267727,-6.239972053338645,0.0,0.0,2.410768973307853e-06,0.0,0.0,-6.58212573060283,20.5794109308,0.0,0.0,0.3421536772641849,0.0,6.625265361002366e-06,0.0,0.038271718323423534,0.004190035528288422,-0.22506007869561473,0.0,0.0,0.0
243.0,12.535497573607513,-6.239969933098033,0.0,0.0,2.391384779966579e-06,0.0,0.0,-6.582123329485922,20.5794109308,0.0,0.0,0.34215339638788933,0.0,6.571993268404431e-06,0.0,0.03827170749709315,0.00419006227744205,-0.2250600232549882,0.0,0.0,0.0
244.0,12.535498594333236,-6.239967834002665,0.0,0.0,2.371520311971003e-06,0.0,0.0,-6.582120947993363,20.5794109308,0.0,0.0,0.3421531139906975,0.0,6.517401293023449e-06,0.0,0.03827169677517985,0.004190088711250928,-0.22505996823924673,0.0,0.0,0.0
245.0,12.535499620285393,-6.2399657565152475,0.0,0.0,2.3511758130625393e-06,0.0,0.0,-6.58211858660531,20.5794109308,0.0,0.0,0.34215283009006203,0.0,6.461490105183412e-06,0.0,0.03827168616002526,0.00419011482359008,-0.22505991365973152,0.0,0.0,0.0
246.0,12.535500651302886,-6.239963701097855,0.0,0.0,2.3303516086182413e-06,0.0,0.0,-6.582116245801639,20.5794109308,0.0,0.0,0.34215254470378387,0.0,6.40426059956005e-06,0.0,0.03827167565396825,0.004190140608348755,-0.22505985952778407,0.0,0.0,0.0
247.0,12.535501687223036,-6.23996166821185,0.0,0.0,2.309048106028198e-06,0.0,0.0,-6.582113926061859,20.5794109308,0.0,0.0,0.34215225785000847,0.0,6.345713896217684e-06,0.0,0.038271665259344514,0.004190166059431566,-0.2250598058547439,0.0,0.0,0.0
248.0,12.5355027278816,-6.2399596583178045,0.0,0.0,2.2872657950688123e-06,0.0,0.0,-6.5821116278650305,20.5794109308,0.0,0.0,0.34215196954722593,0.0,6.285851341634747e-06,0.0,0.03827165497848617,0.004190191170759611,-0.22505975265194703,0.0,0.0,0.0
249.0,12.535503773112781,-6.239957671875412,0.0,0.0,2.2650052482555256e-06,0.0,0.0,-6.582109351689682,20.5794109308,0.0,0.0,0.3421516798142701,0.0,6.224674509672842e-06,0.0,0.038271644813721334,0.004190215936271585,-0.22505969993072364,0.0,0.0,0.0
250.0,12.535504822749253,-6.239955709343409,0.0,0.0,2.2422671211945823e-06,0.0,0.0,-6.582107098013728,20.5794109308,0.0,0.0,0.34215138867031936,0.0,6.1621852025431204e-06,0.0,0.038271634767373754,0.004190240349924851,-0.22505964770239648,0.0,0.0,0.0
251.0,12.535505876622167,-6.239953771179494,0.0,0.0,2.2190521529169544e-06,0.0,0.0,-6.582104867314388,20.5794109308,0.0,0.0,0.34215109613489325,0.0,6.098385451723661e-06,0.0,0.038271624841762324,0.004190264405696559,-0.22505959597827863,0.0,0.0,0.0
252.0,12.535506934561175,-6.239951857840244,0.0,0.0,2.1953611662028874e-06,0.0,0.0,-6.582102660068096,20.5794109308,0.0,0.0,0.3421508022278523,0.0,6.0332775188510575e-06,0.0,0.03827161503920072,0.004190288097584913,-0.22505954476967194,0.0,0.0,0.0
253.0,12.53550799639444,-6.239949969781029,0.0,0.0,2.171195067900229e-06,0.0,0.0,-6.582100476750426,20.5794109308,0.0,0.0,0.3421505069693973,0.0,5.9668638965949186e-06,0.0,0.03827160536199697,0.004190311419610043,-0.2250594940878646,0.0,0.0,0.0
254.0,12.53550906194866,-6.239948107455934,0.0,0.0,2.146554849222923e-06,0.0,0.0,-6.582098317836001,20.5794109308,0.0,0.0,0.3421502103800673,0.0,5.899147309477854e-06,0.0,0.03827159581245303,0.0041903343658153125,-0.22505944394412952,0.0,0.0,0.0
255.0,12.535510131049083,-6.239946271317671,0.0,0.0,2.1214415860431635e-06,0.0,0.0,-6.58209618379841,20.5794109308,0.0,0.0,0.342149912480739,0.0,5.8301307146780386e-06,0.0,0.03827158639286437,0.004190356930268382,-0.22505939434972222,0.0,0.0,0.0
256.0,12.53551120351952,-6.239944461817499,0.0,0.0,2.095856439175265e-06,0.0,0.0,-6.582094075110125,20.5794109308,0.0,0.0,0.3421496132926256,0.0,5.759817302809005e-06,0.0,0.038271577105519546,0.004190379107062339,-0.2250593453158788,0.0,0.0,0.0
257.0,12.535512279182372,-6.239942679405138,0.0,0.0,2.069800654640819e-06,0.0,0.0,-6.582091992242412,20.5794109308,0.0,0.0,0.34214931283727434,0.0,5.6882104986480105e-06,0.0,0.03827156795269981,0.0041904008903169004,-0.2250592968538141,0.0,0.0,0.0
258.0,12.535513357858639,-6.2399409245286845,0.0,0.0,2.0432755639252018e-06,0.0,0.0,-6.582089935665252,20.5794109308,0.0,0.0,0.34214901113656726,0.0,5.61531396184062e-06,0.0,0.03827155893667863,0.004190422274179331,-0.22505924897471952,0.0,0.0,0.0
259.0,12.535514439367947,-6.239939197634532,0.0,0.0,2.0162825842253307e-06,0.0,0.0,-6.582087905847248,20.5794109308,0.0,0.0,0.3421487082127159,0.0,5.541131587581254e-06,0.0,0.038271550059721306,0.004190443252825873,-0.22505920168976118,0.0,0.0,0.0
260.0,12.535515523528563,-6.239937499167283,0.0,0.0,1.9888232186791024e-06,0.0,0.0,-6.582085903255546,20.5794109308,0.0,0.0,0.3421484040882632,0.0,5.465667507243382e-06,0.0,0.038271541324084536,0.004190463820462675,-0.22505915501007778,0.0,0.0,0.0
261.0,12.535516610157416,-6.239935829569663,0.0,0.0,1.9608990565903694e-06,0.0,0.0,-6.582083928355744,20.5794109308,0.0,0.0,0.34214809878608143,0.0,5.388926088997455e-06,0.0,0.038271532732016,0.00419048397132693,-0.22505910894677866,0.0,0.0,0.0
262.0,12.535517699070116,-6.2399341892824385,0.0,0.0,1.9325117736350566e-06,0.0,0.0,-6.5820819816118075,20.5794109308,0.0,0.0,0.342147792329369,0.0,5.3109119383770035e-06,0.0,0.038271524285753915,0.004190503699688208,-0.22505906351094168,0.0,0.0,0.0
263.0,12.535518790080976,-6.239932578744335,0.0,0.0,1.903663132057143e-06,0.0,0.0,-6.582080063485984,20.5794109308,0.0,0.0,0.34214748474164924,0.0,5.231629898816892e-06,0.0,0.03827151598752661,0.0041905229998493165,-0.2250590187136114,0.0,0.0,0.0
264.0,12.53551988300303,-6.239930998391945,0.0,0.0,1.8743549808548805e-06,0.0,0.0,-6.582078174438714,20.5794109308,0.0,0.0,0.3421471760467689,0.0,5.151085052164728e-06,0.0,0.03827150783955211,0.0041905418661476596,-0.2250589745657967,0.0,0.0,0.0
265.0,12.535520977648057,-6.239929448659651,0.0,0.0,1.8445892559506682e-06,0.0,0.0,-6.582076314928548,20.5794109308,0.0,0.0,0.3421468662688971,0.0,5.069282719147361e-06,0.0,0.038271499844037715,0.004190560292956336,-0.22505893107846914,0.0,0.0,0.0
266.0,12.5355220738266,-6.239927929979532,0.0,0.0,1.8143679803519312e-06,0.0,0.0,-6.582074485412054,20.5794109308,0.0,0.0,0.3421465554325218,0.0,4.986228459812662e-06,0.0,0.03827149200317952,0.004190578274685108,-0.22505888826256054,0.0,0.0,0.0
267.0,12.535523171347991,-6.239926442781289,0.0,0.0,1.7836932642946286e-06,0.0,0.0,-6.582072686343735,20.5794109308,0.0,0.0,0.3421462435624463,0.0,4.901928073923556e-06,0.0,0.03827148431916209,0.00419059580578178,-0.2250588461289613,0.0,0.0,0.0
268.0,12.53552427002037,-6.239924987492147,0.0,0.0,1.752567305378764e-06,0.0,0.0,-6.5820709181759405,20.5794109308,0.0,0.0,0.3421459306837935,0.0,4.816387601330081e-06,0.0,0.038271476794157856,0.004190612880733274,-0.22505880468851788,0.0,0.0,0.0
269.0,12.535525369650706,-6.239923564536782,0.0,0.0,1.720992388688429e-06,0.0,0.0,-6.5820691813587775,20.5794109308,0.0,0.0,0.3421456168219956,0.0,4.7296133222989444e-06,0.0,0.0382714694303269,0.004190629494066553,-0.22505876395203125,0.0,0.0,0.0
270.0,12.535526470044827,-6.239922174337227,0.0,0.0,1.688970886899176e-06,0.0,0.0,-6.5820674763400255,20.5794109308,0.0,0.0,0.34214530200279825,0.0,4.64161175780825e-06,0.0,0.03827146222981635,0.0041906456403501685,-0.2250587239302545,0.0,0.0,0.0
271.0,12.535527571007433,-6.239920817312791,0.0,0.0,1.6565052603712418e-06,0.0,0.0,-6.582065803565047,20.5794109308,0.0,0.0,0.3421449862522552,0.0,4.5523896698033476e-06,0.0,0.03827145519476004,0.0041906613141950155,-0.22505868463389084,0.0,0.0,0.0
272.0,12.535528672342128,-6.239919493879973,0.0,0.0,1.6235980572338794e-06,0.0,0.0,-6.582064163476698,20.5794109308,0.0,0.0,0.34214466959672496,0.0,4.461954061428244e-06,0.0,0.03827144832727801,0.004190676510255675,-0.22505864607359158,0.0,0.0,0.0
273.0,12.53552977385144,-6.239918204452374,0.0,0.0,1.5902519134502948e-06,0.0,0.0,-6.582062556515246,20.5794109308,0.0,0.0,0.3421443520628715,0.0,4.370312177203713e-06,0.0,0.038271441629476176,0.004190691223231513,-0.225058608259954,0.0,0.0,0.0
274.0,12.535530875336844,-6.239916949440616,0.0,0.0,1.5564695528724153e-06,0.0,0.0,-6.582060983118277,20.5794109308,0.0,0.0,0.3421440336776609,0.0,4.277471503177473e-06,0.0,0.03827143510344579,0.004190705447867801,-0.2250585712035193,0.0,0.0,0.0
275.0,12.535531976598792,-6.239915729252252,0.0,0.0,1.5222537872829533e-06,0.0,0.0,-6.582059443720609,20.5794109308,0.0,0.0,0.34214371446835656,0.0,4.183439767039427e-06,0.0,0.03827142875126309,0.0041907191789569,-0.22505853491477068,0.0,0.0,0.0
276.0,12.53553307743673,-6.239914544291684,0.0,0.0,1.4876075164217056e-06,0.0,0.0,-6.582057938754205,20.5794109308,0.0,0.0,0.3421433944625205,0.0,4.088224938193613e-06,0.0,0.03827142257498881,0.004190732411339285,-0.22505849940413086,0.0,0.0,0.0
277.0,12.535534177649128,-6.239913394960078,0.0,0.0,1.4525337280007458e-06,0.0,0.0,-6.582056468648083,20.5794109308,0.0,0.0,0.3421430736880051,0.0,3.991835227799601e-06,0.0,0.038271416576667786,0.0041907451399048334,-0.22505846468196045,0.0,0.0,0.0
278.0,12.535535277033505,-6.239912281655273,0.0,0.0,1.4170354977028119e-06,0.0,0.0,-6.58205503382823,20.5794109308,0.0,0.0,0.34214275217295764,0.0,3.8942790887677385e-06,0.0,0.0382714107583285,0.00419075735959383,-0.22505843075855558,0.0,0.0,0.0
279.0,12.535536375386455,-6.239911204771705,0.0,0.0,1.3811159891677054e-06,0.0,0.0,-6.582053634717514,20.5794109308,0.0,0.0,0.34214242994580957,0.0,3.7955652157214246e-06,0.0,0.038271405121982696,0.0041907690653981144,-0.22505839764414592,0.0,0.0,0.0
280.0,12.535537472503671,-6.239910164700314,0.0,0.0,1.344778453965341e-06,0.0,0.0,-6.582052271735595,20.5794109308,0.0,0.0,0.34214210703528103,0.0,3.695702544922724e-06,0.0,0.03827139966962487,0.004190780252362344,-0.22505836534889262,0.0,0.0,0.0
281.0,12.535538568179973,-6.239909161828464,0.0,0.0,1.3080262315525943e-06,0.0,0.0,-6.582050945298836,20.5794109308,0.0,0.0,0.34214178347037194,0.0,3.5947002541534463e-06,0.0,0.0382713944032319,0.004190790915584872,-0.22505833388288615,0.0,0.0,0.0
282.0,12.535539662209334,-6.239908196539856,0.0,0.0,1.2708627492190921e-06,0.0,0.0,-6.582049655820219,20.5794109308,0.0,0.0,0.3421414592803629,0.0,3.4925677625658345e-06,0.0,0.038271389324762636,0.004190801050219101,-0.22505830325614437,0.0,0.0,0.0
283.0,12.53554075438491,-6.2399072692144415,0.0,0.0,1.2332915220141887e-06,0.0,0.0,-6.582048403709253,20.5794109308,0.0,0.0,0.34214113449481154,0.0,3.389314730481568e-06,0.0,0.03827138443615738,0.004190810651474475,-0.22505827347861013,0.0,0.0,0.0
284.0,12.535541844499058,-6.239906380228342,0.0,0.0,1.195316152666573e-06,0.0,0.0,-6.58204718937189,20.5794109308,0.0,0.0,0.3421408091435483,0.0,3.284951059170511e-06,0.0,0.03827137973933756,0.004190819714617669,-0.2250582445601496,0.0,0.0,0.0
285.0,12.535542932343377,-6.23990552995376,0.0,0.0,1.156940331482774e-06,0.0,0.0,-6.582046013210433,20.5794109308,0.0,0.0,0.34214048325667257,0.0,3.1794868905714668e-06,0.0,0.03827137523620521,0.004190828234973645,-0.22505821651054989,0.0,0.0,0.0
286.0,12.535544017708729,-6.239904718758901,0.0,0.0,1.1181678362360386e-06,0.0,0.0,-6.582044875623453,20.5794109308,0.0,0.0,0.34214015686455124,0.0,3.072932606986486e-06,0.0,0.038271370928642655,0.004190836207926735,-0.22505818933951707,0.0,0.0,0.0
287.0,12.535545100385262,-6.239903947007882,0.0,0.0,1.0790025320349884e-06,0.0,0.0,-6.582043777005698,20.5794109308,0.0,0.0,0.3421398299978158,0.0,2.96529883071961e-06,0.0,0.038271366818511954,0.004190843628921928,-0.22505816305667414,0.0,0.0,0.0
288.0,12.53554618016245,-6.239903215060652,0.0,0.0,1.039448371187686e-06,0.0,0.0,-6.582042717748008,20.5794109308,0.0,0.0,0.34213950268735616,0.0,2.8565964237029943e-06,0.0,0.03827136290765458,0.004190850493465709,-0.2250581376715589,0.0,0.0,0.0
289.0,12.535547256829114,-6.2399025232729075,0.0,0.0,9.995093930395634e-07,0.0,0.0,-6.582041698237228,20.5794109308,0.0,0.0,0.3421391749643208,0.0,2.746836487051214e-06,0.0,0.03827135919789093,0.004190856797127329,-0.2250581131936218,0.0,0.0,0.0
290.0,12.53554833017345,-6.23990187199601,0.0,0.0,9.591897238056113e-07,0.0,0.0,-6.58204071885612,20.5794109308,0.0,0.0,0.3421388468601094,0.0,2.636030360599798e-06,0.0,0.03827135569101996,0.004190862535539935,-0.225058089632224,0.0,0.0,0.0
291.0,12.535549399983063,-6.2399012615769,0.0,0.0,9.184935763824913e-07,0.0,0.0,-6.582039779983274,20.5794109308,0.0,0.0,0.3421385184063741,0.0,2.5241896223885956e-06,0.0,0.038271352388818694,0.004190867704401496,-0.22505806699663541,0.0,0.0,0.0
292.0,12.535550466044999,-6.239900692358017,0.0,0.0,8.774252501502959e-07,0.0,0.0,-6.582038881993028,20.5794109308,0.0,0.0,0.3421381896350111,0.0,2.4113260881166948e-06,0.0,0.03827134929304187,0.004190872299476081,-0.22505804529603218,0.0,0.0,0.0
293.0,12.535551528145763,-6.239900164677214,0.0,0.0,8.359891307539572e-07,0.0,0.0,-6.582038025255373,20.5794109308,0.0,0.0,0.3421378605781591,0.0,2.2974518105414263e-06,0.0,0.03827134640542147,0.0041908763165947605,-0.22505802453949514,0.0,0.0,0.0
294.0,12.535552586071367,-6.239899678867678,0.0,0.0,7.941896898739418e-07,0.0,0.0,-6.582037210135875,20.5794109308,0.0,0.0,0.3421375312681967,0.0,2.1825790788479196e-06,0.0,0.03827134372766634,0.004190879751656829,-0.22505800473600748,0.0,0.0,0.0
295.0,12.53555363960734,-6.239899235257846,0.0,0.0,7.520314849816978e-07,0.0,0.0,-6.582036436995582,20.5794109308,0.0,0.0,0.342137201737736,0.0,2.066720417976769e-06,0.0,0.03827134126146175,0.004190882600630816,-0.22505798589445272,0.0,0.0,0.0
296.0,12.535554688538777,-6.239898834171324,0.0,0.0,7.095191590808374e-07,0.0,0.0,-6.582035706190946,20.5794109308,0.0,0.0,0.34213687201962184,0.0,1.9498885879125043e-06,0.0,0.03827133900846897,0.004190884859555474,-0.22505796802361278,0.0,0.0,0.0
297.0,12.535555732650362,-6.239898475926805,0.0,0.0,6.666574404268816e-07,0.0,0.0,-6.5820350180737295,20.5794109308,0.0,0.0,0.3421365421469247,0.0,1.8320965829131499e-06,0.0,0.03827133697032489,0.00419088652454104,-0.2250579511321658,0.0,0.0,0.0
298.0,12.535556771726394,-6.239898160837987,0.0,0.0,6.234511422411525e-07,0.0,0.0,-6.582034372990926,20.5794109308,0.0,0.0,0.34213621215293966,0.0,1.7133576307237107e-06,0.0,0.03827133514864158,0.004190887591770109,-0.22505793522868422,0.0,0.0,0.0
299.0,12.535557805550832,-6.239897889213494,0.0,0.0,5.799051624041309e-07,0.0,0.0,-6.5820337712846735,20.5794109308,0.0,0.0,0.3421358820711795,0.0,1.5936851917332337e-06,0.0,0.03827133354500589,0.004190888057498746,-0.22505792032163252,0.0,0.0,0.0
300.0,12.535558833907313,-6.239897661356796,0.0,0.0,5.360244831338554e-07,0.0,0.0,-6.582033213292169,20.5794109308,0.0,0.0,0.3421355519353728,0.0,1.473092958090763e-06,0.0,0.03827133216097906,0.004190887918057551,-0.22505790641936563,0.0,0.0,0.0
301.0,12.535559856579194,-6.239897477566126,0.0,0.0,4.918141706508e-07,0.0,0.0,-6.582032699345586,20.5794109308,0.0,0.0,0.34213522177945954,0.0,1.3515948527841504e-06,0.0,0.03827133099809626,0.004190887169852692,-0.22505789353012645,0.0,0.0,0.0
302.0,12.535560873349578,-6.239897338134404,0.0,0.0,4.4727937482659507e-07,0.0,0.0,-6.58203222977199,20.5794109308,0.0,0.0,0.3421348916375857,0.0,1.2292050286744676e-06,0.0,0.03827133005786623,0.004190885809366857,-0.22505788166204416,0.0,0.0,0.0
303.0,12.53556188400135,-6.239897243349154,0.0,0.0,4.0242532881854927e-07,0.0,0.0,-6.582031804893254,20.5794109308,0.0,0.0,0.3421345615440998,0.0,1.1059378674914075e-06,0.0,0.03827132934177089,0.004190883833160491,-0.22505787082313194,0.0,0.0,0.0
304.0,12.535562888317209,-6.239897193492429,0.0,0.0,3.5725734868566504e-07,0.0,0.0,-6.582031425025978,20.5794109308,0.0,0.0,0.3421342315335485,0.0,9.818079787778354e-07,0.0,0.03827132885126489,0.004190881237872493,-0.22505786102128533,0.0,0.0,0.0
305.0,12.5355638860797,-6.239897188840731,0.0,0.0,3.11780832992629e-07,0.0,0.0,-6.582031090481403,20.5794109308,0.0,0.0,0.3421339016406719,0.0,8.568301988013003e-07,0.0,0.03827132858777525,0.004190878020221514,-0.22505785226427988,0.0,0.0,0.0
306.0,12.535564877071248,-6.239897229664931,0.0,0.0,2.6600126239963893e-07,0.0,0.0,-6.582030801565331,20.5794109308,0.0,0.0,0.3421335719004004,0.0,7.310195894266344e-07,0.0,0.03827132855270096,0.004190874177006837,-0.22505784455976952,0.0,0.0,0.0
307.0,12.535565861074195,-6.239897316230195,0.0,0.0,2.1992419923020435e-07,0.0,0.0,-6.582030558578043,20.5794109308,0.0,0.0,0.34213324234784803,0.0,6.04391436928026e-07,0.0,0.03827132874741256,0.004190869705109318,-0.22505783791528428,0.0,0.0,0.0
308.0,12.535566837870824,-6.239897448795906,0.0,0.0,1.735552870321779e-07,0.0,0.0,-6.582030361814216,20.5794109308,0.0,0.0,0.34213291301831017,0.0,4.769612507825026e-07,0.0,0.03827132917325178,0.0041908646014925666,-0.22505783233822835,0.0,0.0,0.0
309.0,12.535567807243405,-6.239897627615589,0.0,0.0,1.2690025011645015e-07,0.0,0.0,-6.582030211562845,20.5794109308,0.0,0.0,0.3421325839472562,0.0,3.487447624020356e-07,0.0,0.03827132983153114,0.004190858863203709,-0.2250578278358784,0.0,0.0,0.0
310.0,12.535568768974219,-6.23989785293683,0.0,0.0,7.996489308293606e-08,0.0,0.0,-6.5820301081071575,20.5794109308,0.0,0.0,0.34213225517032786,0.0,2.1975792383073266e-07,0.0,0.03827133072353356,0.004190852487374455,-0.22505782441538152,0.0,0.0,0.0
311.0,12.535569722845597,-6.239898125001206,0.0,0.0,3.275510033204553e-08,0.0,0.0,-6.582030051724538,20.5794109308,0.0,0.0,0.34213192672333204,0.0,9.001690640214609e-08,0.0,0.038271331850511965,0.004190845471222129,-0.22505782208375302,0.0,0.0,0.0
312.0,12.535570668639958,-6.239898444044209,0.0,0.0,-1.4723164440384332e-08,0.0,0.0,-6.582030042686448,20.5794109308,0.0,0.0,0.3421315986422391,0.0,-4.046190064885735e-08,0.0,0.038271333213688946,0.004190837812050527,-0.2250578208478749,0.0,0.0,0.0
313.0,12.535571606139834,-6.239898810295171,0.0,0.0,-6.24638587640958e-08,0.0,0.0,-6.582030081258344,20.5794109308,0.0,0.0,0.342131270963173,0.0,-1.7166189161801964e-07,0.0,0.03827133481425633,0.004190829507250832,-0.22505782071449376,0.0,0.0,0.0
314.0,12.535572535127917,-6.23989922397719,0.0,0.0,-1.1046086193135783e-07,0.0,0.0,-6.582030167699602,20.5794109308,0.0,0.0,0.34213094372241226,0.0,-3.035662458074115e-07,0.0,0.03827133665337485,0.0041908205543027405,-0.22505782169021882,0.0,0.0,0.0
315.0,12.535573455387082,-6.2398996853070585,0.0,0.0,-1.5870797554631448e-07,0.0,0.0,-6.582030302263439,20.5794109308,0.0,0.0,0.34213061695638025,0.0,-4.361579290352222e-07,0.0,0.038271338732173726,0.00419081095077517,-0.2250578237815202,0.0,0.0,0.0
316.0,12.53557436670043,-6.239900194495189,0.0,0.0,-2.0719892409479184e-07,0.0,0.0,-6.5820304851968325,20.5794109308,0.0,0.0,0.34213029070164325,0.0,-5.69419695201762e-07,0.0,0.03827134105175035,0.00419080069432734,-0.22505782699472687,0.0,0.0,0.0
317.0,12.535575268851325,-6.239900751745545,0.0,0.0,-2.5592735552475033e-07,0.0,0.0,-6.582030716740449,20.5794109308,0.0,0.0,0.34212996499490345,0.0,-7.03334087884708e-07,0.0,0.03827134361316987,0.004190789782709592,-0.22505783133602508,0.0,0.0,0.0
318.0,12.535576161623421,-6.239901357255568,0.0,0.0,-3.0488684184485104e-07,0.0,0.0,-6.582030997128562,20.5794109308,0.0,0.0,0.3421296398729945,0.0,-8.378834419841203e-07,0.0,0.038271346417464845,0.004190778213764318,-0.22505783681145608,0.0,0.0,0.0
319.0,12.535577044800707,-6.239902011216106,0.0,0.0,-3.5407087973857817e-07,0.0,0.0,-6.582031326588983,20.5794109308,0.0,0.0,0.34212931537287705,0.0,-9.730498854101965e-07,0.0,0.03827134946563493,0.004190765985426906,-0.22505784342691468,0.0,0.0,0.0
320.0,12.535577918167537,-6.239902713811346,0.0,0.0,-4.034728911934135e-07,0.0,0.0,-6.58203170534298,20.5794109308,0.0,0.0,0.34212899153163434,0.0,-1.108815340812381e-06,0.0,0.03827135275864641,0.004190753095726474,-0.22505785118814714,0.0,0.0,0.0
321.0,12.535578781508667,-6.239903465218743,0.0,0.0,-4.530862241457256e-07,0.0,0.0,-6.582032133605207,20.5794109308,0.0,0.0,0.34212866838646416,0.0,-1.2451615273516485e-06,0.0,0.03827135629743197,0.004190739542786967,-0.22505786010074957,0.0,0.0,0.0
322.0,12.535579634609295,-6.239904265608954,0.0,0.0,-5.029041531374159e-07,0.0,0.0,-6.582032611583628,20.5794109308,0.0,0.0,0.34212834597467445,0.0,-1.382069962505085e-06,0.0,0.038271360082890275,0.0041907253248277265,-0.22505787017016604,0.0,0.0,0.0
323.0,12.535580477255095,-6.239905115145767,0.0,0.0,-5.529198799973091e-07,0.0,0.0,-6.582033139479447,20.5794109308,0.0,0.0,0.3421280243336797,0.0,-1.5195219639384619e-06,0.0,0.03827136411588564,0.004190710440164669,-0.22505788140168675,0.0,0.0,0.0
324.0,12.535581309232253,-6.239906013986038,0.0,0.0,-6.0312653452811e-07,0.0,0.0,-6.582033717487032,20.5794109308,0.0,0.0,0.342127703500994,0.0,-1.6574986513940877e-06,0.0,0.038271368397247665,0.004190694887210827,-0.22505789380044644,0.0,0.0,0.0
325.0,12.535582130327501,-6.239906962279619,0.0,0.0,-6.535171752143406e-07,0.0,0.0,-6.582034345793845,20.5794109308,0.0,0.0,0.3421273835142262,0.0,-1.7959809486363159e-06,0.0,0.03827137292777096,0.004190678664477421,-0.22505790737142234,0.0,0.0,0.0
326.0,12.535582940328164,-6.2399079601693,0.0,0.0,-7.040847899429672e-07,0.0,0.0,-6.582035024580374,20.5794109308,0.0,0.0,0.34212706441107343,0.0,-1.9349495854319035e-06,0.0,0.03827137770821474,0.004190661770574464,-0.22505792211943276,0.0,0.0,0.0
327.0,12.535583739022181,-6.239909007790738,0.0,0.0,-7.548222967416425e-07,0.0,0.0,-6.5820357540200565,20.5794109308,0.0,0.0,0.3421267462293187,0.0,-2.074385099578774e-06,0.0,0.038271382739302515,0.0041906442042116965,-0.22505793804913515,0.0,0.0,0.0
328.0,12.535584526198159,-6.239910105272395,0.0,0.0,-8.057225445301106e-07,0.0,0.0,-6.582036534279215,20.5794109308,0.0,0.0,0.3421264290068198,0.0,-2.214267838970937e-06,0.0,0.0382713880217218,0.00419062596419946,-0.22505795516502447,0.0,0.0,0.0
329.0,12.5355853016454,-6.239911252735478,0.0,0.0,-8.56778313889502e-07,0.0,0.0,-6.582037365516987,20.5794109308,0.0,0.0,0.34212611278150895,0.0,-2.354577963712562e-06,0.0,0.03827139355612373,0.00419060704944918,-0.22505797347143153,0.0,0.0,0.0
330.0,12.535586065153938,-6.239912450293871,0.0,0.0,-9.079823178449175e-07,0.0,0.0,-6.582038247885255,20.5794109308,0.0,0.0,0.3421257975913843,0.0,-2.49529544826856e-06,0.0,0.038271399343122806,0.004190587458974507,-0.22505799297252133,0.0,0.0,0.0
331.0,12.535586816514583,-6.239913698054079,0.0,0.0,-9.593272026633442e-07,0.0,0.0,-6.582039181528583,20.5794109308,0.0,0.0,0.3421254834745042,0.0,-2.6364000836572856e-06,0.0,0.038271405383296514,0.004190567191891745,-0.22505801367229128,0.0,0.0,0.0
332.0,12.535587555518953,-6.239914996115164,0.0,0.0,-1.010805548667731e-06,0.0,0.0,-6.582040166584148,20.5794109308,0.0,0.0,0.34212517046898405,0.0,-2.777871479687635e-06,0.0,0.03827141167718507,0.004190546247420865,-0.22505803557456977,0.0,0.0,0.0
333.0,12.535588281959514,-6.2399163445686865,0.0,0.0,-1.0624098710663078e-06,0.0,0.0,-6.5820412031816735,20.5794109308,0.0,0.0,0.342124858612987,0.0,-2.919689067238026e-06,0.0,0.03827141822529108,0.004190524624886061,-0.22505805868301437,0.0,0.0,0.0
334.0,12.535588995629617,-6.239917743498647,0.0,0.0,-1.1141326207955226e-06,0.0,0.0,-6.582042291443367,20.5794109308,0.0,0.0,0.3421245479447199,0.0,-3.0618321005727883e-06,0.0,0.03827142502807925,0.0041905023237165245,-0.22505808300111035,0.0,0.0,0.0
335.0,12.535589696323534,-6.239919192981426,0.0,0.0,-1.1659661853789263e-06,0.0,0.0,-6.5820434314838545,20.5794109308,0.0,0.0,0.34212423850242857,0.0,-3.2042796597023627e-06,0.0,0.03827143208597609,0.004190479343447212,-0.225058108532169,0.0,0.0,0.0
336.0,12.535590383836501,-6.239920693085731,0.0,0.0,-1.2179028898023943e-06,0.0,0.0,-6.582044623410119,20.5794109308,0.0,0.0,0.34212393032438815,0.0,-3.347010652788391e-06,0.0,0.03827143939936962,0.00419045568371941,-0.2250581352793262,0.0,0.0,0.0
337.0,12.535591057964753,-6.2399222438725355,0.0,0.0,-1.2699349974022628e-06,0.0,0.0,-6.582045867321436,20.5794109308,0.0,0.0,0.34212362344890046,0.0,-3.4900038185842813e-06,0.0,0.038271446968609076,0.004190431344281542,-0.22505816324554076,0.0,0.0,0.0
338.0,12.53559171850556,-6.239923845395028,0.0,0.0,-1.322054710769964e-06,0.0,0.0,-6.582047163309316,20.5794109308,0.0,0.0,0.34212331791428774,0.0,-3.633237728921098e-06,0.0,0.038271454794004615,0.004190406324989807,-0.22505819243359299,0.0,0.0,0.0
339.0,12.535592365257264,-6.239925497698554,0.0,0.0,-1.3742541726700142e-06,0.0,0.0,-6.58204851145744,20.5794109308,0.0,0.0,0.34212301375888643,0.0,-3.7766907912301426e-06,0.0,0.03827146287582708,0.004190380625808718,-0.22505822284608318,0.0,0.0,0.0
340.0,12.535592998019327,-6.239927200820566,0.0,0.0,-1.4265254669736206e-06,0.0,0.0,-6.582049911841605,20.5794109308,0.0,0.0,0.3421227110210392,0.0,-3.920341251108436e-06,0.0,0.03827147121430766,0.004190354246811939,-0.22505825448543,0.0,0.0,0.0
341.0,12.535593616592356,-6.23992895479057,0.0,0.0,-1.478860619607591e-06,0.0,0.0,-6.5820513645296606,20.5794109308,0.0,0.0,0.34212240973909047,0.0,-4.064167194926246e-06,0.0,0.03827147980963771,0.004190327188182727,-0.2250582873538693,0.0,0.0,0.0
342.0,12.535594220778153,-6.239930759630074,0.0,0.0,-1.531251599516315e-06,0.0,0.0,-6.582052869581454,20.5794109308,0.0,0.0,0.34212210995138026,0.0,-4.2081465524705275e-06,0.0,0.03827148866196835,0.004190299450214693,-0.22505832145345245,0.0,0.0,0.0
343.0,12.535594810379743,-6.239932615352536,0.0,0.0,-1.5836903196414484e-06,0.0,0.0,-6.5820544270487735,20.5794109308,0.0,0.0,0.3421218116962379,0.0,-4.352257099636994e-06,0.0,0.03827149777141036,0.004190271033312251,-0.22505835678604497,0.0,0.0,0.0
344.0,12.535595385201423,-6.239934521963319,0.0,0.0,-1.6361686379125024e-06,0.0,0.0,-6.582056036975293,20.5794109308,0.0,0.0,0.3421215150119741,0.0,-4.496476461152149e-06,0.0,0.03827150713803384,0.004190241937991349,-0.2250583933533252,0.0,0.0,0.0
345.0,12.535595945048788,-6.239936479459638,0.0,0.0,-1.6886783582543529e-06,0.0,0.0,-6.5820576993965165,20.5794109308,0.0,0.0,0.34212121993687816,0.0,-4.6407821133418035e-06,0.0,0.03827151676186794,0.0041902121648799695,-0.22505843115678298,0.0,0.0,0.0
346.0,12.53559648972878,-6.239938487830518,0.0,0.0,-1.7412112316073698e-06,0.0,0.0,-6.582059414339727,20.5794109308,0.0,0.0,0.34212092650920933,0.0,-4.785151386934259e-06,0.0,0.03827152664290067,0.004190181714718591,-0.22505847019771807,0.0,0.0,0.0
347.0,12.535597019049721,-6.23994054705674,0.0,0.0,-1.7937589569629086e-06,0.0,0.0,-6.5820611818239305,20.5794109308,0.0,0.0,0.34212063476719035,0.0,-4.929561469905696e-06,0.0,0.038271536781078676,0.004190150588360947,-0.22505851047723904,0.0,0.0,0.0
348.0,12.535597532821352,-6.239942657110807,0.0,0.0,-1.8463131824133461e-06,0.0,0.0,-6.582063001859808,20.5794109308,0.0,0.0,0.3421203447490013,0.0,-5.073989410365528e-06,0.0,0.03827154717630691,0.004190118786774277,-0.225058551996262,0.0,0.0,0.0
349.0,12.535598030854874,-6.239944817956888,0.0,0.0,-1.8988655062167747e-06,0.0,0.0,-6.582064874449662,20.5794109308,0.0,0.0,0.34212005649277355,0.0,-5.21841211948201e-06,0.0,0.038271557828448495,0.004190086311040078,-0.22505859475550916,0.0,0.0,0.0
350.0,12.535598512962983,-6.239947029550785,0.0,0.0,-1.9514074778721915e-06,0.0,0.0,-6.58206679958737,20.5794109308,0.0,0.0,0.342119770036585,0.0,-5.362806374436692e-06,0.0,0.03827156873732447,0.00419005316235449,-0.22505863875550758,0.0,0.0,0.0
351.0,12.535598978959909,-6.239949291839885,0.0,0.0,-2.003930599212707e-06,0.0,0.0,-6.582068777258335,20.5794109308,0.0,0.0,0.3421194854184497,0.0,-5.507148821428372e-06,0.0,0.03827157990271358,0.0041900193420287,-0.22505868399658815,0.0,0.0,0.0
352.0,12.535599428661456,-6.239951604763122,0.0,0.0,-2.056426325512456e-06,0.0,0.0,-6.582070807439437,20.5794109308,0.0,0.0,0.3421192026763151,0.0,-5.651415978714692e-06,0.0,0.03827159132435204,0.004189984851489553,-0.22505873047888422,0.0,0.0,0.0
353.0,12.53559986188504,-6.239953968250937,0.0,0.0,-2.108886066603019e-06,0.0,0.0,-6.582072890098991,20.5794109308,0.0,0.0,0.34211892184805404,0.0,-5.795584239679864e-06,0.0,0.038271603001933364,0.004189949692279857,-0.2250587782023304,0.0,0.0,0.0
354.0,12.535600278449724,-6.23995638222524,0.0,0.0,-2.161301188008811e-06,0.0,0.0,-6.582075025196698,20.5794109308,0.0,0.0,0.34211864297145755,0.0,-5.9396298759545e-06,0.0,0.03827161493510813,0.0041899138660589225,-0.22505882716666153,0.0,0.0,0.0
355.0,12.535600678176264,-6.2399588465993725,0.0,0.0,-2.213663012093287e-06,0.0,0.0,-6.582077212683602,20.5794109308,0.0,0.0,0.34211836608422974,0.0,-6.08352904056517e-06,0.0,0.03827162712348384,0.004189877374602885,-0.22505887737141145,0.0,0.0,0.0
356.0,12.535601060887137,-6.2399613612780715,0.0,0.0,-2.2659628192166553e-06,0.0,0.0,-6.58207945250205,20.5794109308,0.0,0.0,0.34211809122397874,0.0,-6.227257771115552e-06,0.0,0.03827163956662465,0.004189840219805174,-0.22505892881591189,0.0,0.0,0.0
357.0,12.535601426406584,-6.239963926157434,0.0,0.0,-2.318191848913996e-06,0.0,0.0,-6.582081744585649,20.5794109308,0.0,0.0,0.342117818428215,0.0,-6.370791993023671e-06,0.0,0.03827165226405127,0.004189802403676793,-0.22505898149929165,0.0,0.0,0.0
358.0,12.535601774560654,-6.239966541124884,0.0,0.0,-2.370341301077343e-06,0.0,0.0,-6.582084088859223,20.5794109308,0.0,0.0,0.3421175477343388,0.0,-6.514107522769998e-06,0.0,0.03827166521524074,0.004189763928346843,-0.22505903542047506,0.0,0.0,0.0
359.0,12.535602105177231,-6.239969206059142,0.0,0.0,-2.4224023371571955e-06,0.0,0.0,-6.582086485238779,20.5794109308,0.0,0.0,0.34211727917963763,0.0,-6.657180071198944e-06,0.0,0.03827167841962625,0.00418972479606268,-0.22505909057818152,0.0,0.0,0.0
360.0,12.535602418086079,-6.239971920830189,0.0,0.0,-2.4743660813772766e-06,0.0,0.0,-6.582088933631467,20.5794109308,0.0,0.0,0.34211701280127826,0.0,-6.7999852468567545e-06,0.0,0.038271691876597035,0.004189685009190314,-0.22505914697092408,0.0,0.0,0.0
361.0,12.535602713118879,-6.2399746852992415,0.0,0.0,-2.526223621955251e-06,0.0,0.0,-6.582091433935541,20.5794109308,0.0,0.0,0.3421167486362995,0.0,-6.942498559345743e-06,0.0,0.03827170558549817,0.004189644570214784,-0.22505920459700868,0.0,0.0,0.0
362.0,12.535602990109263,-6.239977499318721,0.0,0.0,-2.577966012347727e-06,0.0,0.0,-6.582093986040328,20.5794109308,0.0,0.0,0.3421164867216069,0.0,-7.084695422745285e-06,0.0,0.03827171954563039,0.00418960348174037,-0.2250592634545332,0.0,0.0,0.0
363.0,12.535603248892858,-6.239980362732225,0.0,0.0,-2.6295842724959944e-06,0.0,0.0,-6.58209658982619,20.5794109308,0.0,0.0,0.34211622709396483,0.0,-7.226551159034794e-06,0.0,0.03827173375625004,0.004189561746490961,-0.22505932354138647,0.0,0.0,0.0
364.0,12.53560348930732,-6.239983275374502,0.0,0.0,-2.6810693900907547e-06,0.0,0.0,-6.582099245164493,20.5794109308,0.0,0.0,0.34211596978999026,0.0,-7.368041001568901e-06,0.0,0.038271748216568834,0.0041895193673101155,-0.2250593848552475,0.0,0.0,0.0
365.0,12.535603711192369,-6.23998623707143,0.0,0.0,-2.732412321850908e-06,0.0,0.0,-6.582101951917575,20.5794109308,0.0,0.0,0.34211571484614467,0.0,-7.509140098591241e-06,0.0,0.03827176292575379,0.004189476347161533,-0.22505944739358455,0.0,0.0,0.0
366.0,12.535603914389833,-6.239989247639986,0.0,0.0,-2.7836039948096002e-06,0.0,0.0,-6.582104709938717,20.5794109308,0.0,0.0,0.3421154622987306,0.0,-7.649823516768191e-06,0.0,0.038271777882927065,0.004189432689129066,-0.22505951115365436,0.0,0.0,0.0
367.0,12.535604098743677,-6.23999230688823,0.0,0.0,-2.834635307615257e-06,0.0,0.0,-6.582107519072111,20.5794109308,0.0,0.0,0.34211521218388086,0.0,-7.79006624476378e-06,0.0,0.038271793087165884,0.004189388396417179,-0.22505957613250127,0.0,0.0,0.0
368.0,12.535604264100048,-6.239995414615281,0.0,0.0,-2.885497131842091e-06,0.0,0.0,-6.582110379152836,20.5794109308,0.0,0.0,0.3421149645375552,0.0,-7.92984319684062e-06,0.0,0.038271808537502346,0.004189343472350782,-0.22505964232695658,0.0,0.0,0.0
369.0,12.535604410307306,-6.239998570611297,0.0,0.0,-2.9361803133176297e-06,0.0,0.0,-6.582113290006828,20.5794109308,0.0,0.0,0.3421147193955312,0.0,-8.069129216507611e-06,0.0,0.038271824232923406,0.004189297920375812,-0.22505970973363776,0.0,0.0,0.0
370.0,12.535604537216065,-6.2400017746574585,0.0,0.0,-2.9866756734569856e-06,0.0,0.0,-6.582116251450856,20.5794109308,0.0,0.0,0.34211447679339724,0.0,-8.207899080186158e-06,0.0,0.03827184017237071,0.0041892517440589305,-0.22505977834894775,0.0,0.0,0.0
371.0,12.535604644679227,-6.240005026525951,0.0,0.0,-3.036974010609481e-06,0.0,0.0,-6.5821192632925,20.5794109308,0.0,0.0,0.34211423676654906,0.0,-8.346127500910335e-06,0.0,0.03827185635474055,0.004189204947088035,-0.22505984816907434,0.0,0.0,0.0
372.0,12.53560473255202,-6.240008325979949,0.0,0.0,-3.08706610141966e-06,0.0,0.0,-6.582122325330128,20.5794109308,0.0,0.0,0.34211399935017894,0.0,-8.483789132066587e-06,0.0,0.03827187277888374,0.004189157533272134,-0.2250599191899894,0.0,0.0,0.0
373.0,12.535604800692035,-6.240011672773602,0.0,0.0,-3.136942702194751e-06,0.0,0.0,-6.5821254373528735,20.5794109308,0.0,0.0,0.34211376457927134,0.0,-8.62085857115113e-06,0.0,0.03827188944360556,0.004189109506541583,-0.2250599914074484,0.0,0.0,0.0
374.0,12.53560484895926,-6.240015066652021,0.0,0.0,-3.1865945502882856e-06,0.0,0.0,-6.582128599140615,20.5794109308,0.0,0.0,0.342113532488594,0.0,-8.75731036357177e-06,0.0,0.03827190634766568,0.004189060870948003,-0.2250600648169898,0.0,0.0,0.0
375.0,12.53560487721612,-6.24001850735127,0.0,0.0,-3.236012365490946e-06,0.0,0.0,-6.582131810463963,20.5794109308,0.0,0.0,0.3421133031126926,0.0,-8.893119006469553e-06,0.0,0.03827192348977809,0.004189011630664458,-0.2250601394139345,0.0,0.0,0.0
376.0,12.535604885327505,-6.240021994598352,0.0,0.0,-3.2851868514351638e-06,0.0,0.0,-6.582135071084236,20.5794109308,0.0,0.0,0.3421130764858846,0.0,-9.028258952578226e-06,0.0,0.03827194086861103,0.004188961789985457,-0.22506021519338537,0.0,0.0,0.0
377.0,12.535604873160818,-6.240025528111201,0.0,0.0,-3.3341086970056083e-06,0.0,0.0,-6.582138380753452,20.5794109308,0.0,0.0,0.3421128526422512,0.0,-9.162704614099851e-06,0.0,0.038271958482786986,0.004188911353326885,-0.22506029215022666,0.0,0.0,0.0
378.0,12.535604840585997,-6.240029107598679,0.0,0.0,-3.38276857776734e-06,0.0,0.0,-6.582141739214309,20.5794109308,0.0,0.0,0.3421126316156302,0.0,-9.296430366628979e-06,0.0,0.03827197633088257,0.004188860325226168,-0.22506037027912368,0.0,0.0,0.0
379.0,12.53560478747556,-6.240032732760565,0.0,0.0,-3.43115715739576e-06,0.0,0.0,-6.582145146200174,20.5794109308,0.0,0.0,0.34211241343960896,0.0,-9.429410553081732e-06,0.0,0.03827199441142858,0.0041888087103420235,-0.2250604495745223,0.0,0.0,0.0
380.0,12.535604713704638,-6.240036403287554,0.0,0.0,-3.4792650891250227e-06,0.0,0.0,-6.582148601435074,20.5794109308,0.0,0.0,0.3421121981475199,0.0,-9.561619487675654e-06,0.0,0.03827201272290986,0.004188756513454656,-0.22506053003064863,0.0,0.0,0.0
381.0,12.535604619151005,-6.240040118861254,0.0,0.0,-3.527083017198997e-06,0.0,0.0,-6.582152104633685,20.5794109308,0.0,0.0,0.34211198577243085,0.0,-9.693031459916513e-06,0.0,0.03827203126376536,0.004188703739465463,-0.22506061164150865,0.0,0.0,0.0
382.0,12.53560450369512,-6.240043879154181,0.0,0.0,-3.5746015783381267e-06,0.0,0.0,-6.58215565550132,20.5794109308,0.0,0.0,0.3421117763471395,0.0,-9.82362073862884e-06,0.0,0.03827205003238812,0.004188650393397053,-0.22506069440088786,0.0,0.0,0.0
383.0,12.535604367220158,-6.240047683829762,0.0,0.0,-3.6218114032106136e-06,0.0,0.0,-6.58215925373393,20.5794109308,0.0,0.0,0.34211156990416747,0.0,-9.953361575998305e-06,0.0,0.03827206902712521,0.004188596480393256,-0.2250607783023511,0.0,0.0,0.0
384.0,12.535604209612039,-6.24005153254234,0.0,0.0,-3.6687031179176864e-06,0.0,0.0,-6.5821628990180905,20.5794109308,0.0,0.0,0.34211136647575024,0.0,-1.0082228211652817e-05,0.0,0.03827208824627775,0.004188542005718651,-0.22506086333924213,0.0,0.0,0.0
385.0,12.535604030759474,-6.24005542493717,0.0,0.0,-3.7152673454849372e-06,0.0,0.0,-6.582166591031004,20.5794109308,0.0,0.0,0.34211116609383385,0.0,-1.0210194876760295e-05,0.0,0.038272107688100965,0.0041884869747589315,-0.2250609495046837,0.0,0.0,0.0
386.0,12.535603830553988,-6.2400593606504255,0.0,0.0,-3.7614947073638645e-06,0.0,0.0,-6.582170329440493,20.5794109308,0.0,0.0,0.34211096879006764,0.0,-1.0337235798154483e-05,0.0,0.03827212735080411,0.004188431393020206,-0.22506103679157702,0.0,0.0,0.0
387.0,12.535603608889957,-6.240063339309209,0.0,0.0,-3.807375824942723e-06,0.0,0.0,-6.582174113905004,20.5794109308,0.0,0.0,0.34211077459579453,0.0,-1.0463325202486325e-05,0.0,0.03827214723255058,0.004188375266129196,-0.22506112519260196,0.0,0.0,0.0
388.0,12.535603365664642,-6.2400673605315555,0.0,0.0,-3.852901321062705e-06,0.0,0.0,-6.582177944073603,20.5794109308,0.0,0.0,0.3421105835420475,0.0,-1.0588437320390017e-05,0.0,0.0382721673314579,0.004188318599832777,-0.22506121470021667,0.0,0.0,0.0
389.0,12.535603100778221,-6.240071423926441,0.0,0.0,-3.898061821547775e-06,0.0,0.0,-6.582181819585981,20.5794109308,0.0,0.0,0.3421103956595397,0.0,-1.071254639068655e-05,0.0,0.038272187645597755,0.00418826139999795,-0.22506130530665766,0.0,0.0,0.0
390.0,12.535602814133826,-6.240075529093795,0.0,0.0,-3.942847956741132e-06,0.0,0.0,-6.5821857400724575,20.5794109308,0.0,0.0,0.3421102109786629,0.0,-1.0835626664605484e-05,0.0,0.03827220817299603,0.004188203672611454,-0.2250613970039399,0.0,0.0,0.0
391.0,12.535602505637565,-6.240079675624511,0.0,0.0,-3.9872503630456944e-06,0.0,0.0,-6.582189705153985,20.5794109308,0.0,0.0,0.3421100295294739,0.0,-1.0957652410017766e-05,0.0,0.03827222891163292,0.0041881454237795435,-0.22506148978385637,0.0,0.0,0.0
392.0,12.535602175198562,-6.2400838631004625,0.0,0.0,-4.0312596844778195e-06,0.0,0.0,-6.582193714442155,20.5794109308,0.0,0.0,0.3421098513416929,0.0,-1.1078597915704923e-05,0.0,0.03827224985944293,0.0041880866597277105,-0.22506158363797854,0.0,0.0,0.0
393.0,12.53560182272899,-6.240088091094515,0.0,0.0,-4.074866574225419e-06,0.0,0.0,-6.58219776753921,20.5794109308,0.0,0.0,0.3421096764446947,0.0,-1.1198437495640339e-05,0.0,0.03827227101431492,0.004188027386800269,-0.22506167855765635,0.0,0.0,0.0
394.0,12.5356014481441,-6.240092359170546,0.0,0.0,-4.11806169621395e-06,0.0,0.0,-6.582201864038048,20.5794109308,0.0,0.0,0.34210950486750136,0.0,-1.1317145493292153e-05,0.0,0.0382722923740923,0.0041879676114602304,-0.22506177453401816,0.0,0.0,0.0
395.0,12.535601051362248,-6.24009666688346,0.0,0.0,-4.1608357266827385e-06,0.0,0.0,-6.582206003522239,20.5794109308,0.0,0.0,0.34210933663877885,0.0,-1.143469628595459e-05,0.0,0.038272313936572974,0.004187907340288746,-0.22506187155797092,0.0,0.0,0.0
396.0,12.53560063230493,-6.24010101377921,0.0,0.0,-4.203179355762926e-06,0.0,0.0,-6.582210185566034,20.5794109308,0.0,0.0,0.34210917178682454,0.0,-1.1551064289083724e-05,0.0,0.038272335699509545,0.0041878465799847775,-0.22506196962020064,0.0,0.0,0.0
397.0,12.535600190896817,-6.240105399394819,0.0,0.0,-4.245083289066916e-06,0.0,0.0,-6.582214409734385,20.5794109308,0.0,0.0,0.3421090103395654,0.0,-1.1666223960664845e-05,0.0,0.03827235766060931,0.0041877853373647606,-0.22506206871117218,0.0,0.0,0.0
398.0,12.535599727065774,-6.240109823258403,0.0,0.0,-4.286538249281987e-06,0.0,0.0,-6.582218675582954,20.5794109308,0.0,0.0,0.342108852324551,0.0,-1.1780149805591318e-05,0.0,0.03827237981753448,0.004187723619362177,-0.2250621688211299,0.0,0.0,0.0
399.0,12.535599240742902,-6.240114284889194,0.0,0.0,-4.327534977770131e-06,0.0,0.0,-6.582222982658139,20.5794109308,0.0,0.0,0.3421086977689445,0.0,-1.1892816380060488e-05,0.0,0.03827240216790219,0.004187661433027054,-0.22506226994009756,0.0,0.0,0.0
400.0,12.535598731862558,-6.240118783797568,0.0,0.0,-4.368064236177414e-06,0.0,0.0,-6.582227330497086,20.5794109308,0.0,0.0,0.3421085466995182,0.0,-1.2004198295995822e-05,0.0,0.03827242470928469,0.00418759878552552,-0.22506237205787907,0.0,0.0,0.0
401.0,12.535598200362388,-6.24012331948507,0.0,0.0,-4.408116808043352e-06,0.0,0.0,-6.582231718627716,20.5794109308,0.0,0.0,0.3421083991426457,0.0,-1.211427022546905e-05,0.0,0.038272447439209455,0.004187535684139418,-0.22506247516405858,0.0,0.0,0.0
402.0,12.535597646183357,-6.240127891444448,0.0,0.0,-4.447683500420158e-06,0.0,0.0,-6.582236146568742,20.5794109308,0.0,0.0,0.34210825512429377,0.0,-1.2223006905149458e-05,0.0,0.03827247035515935,0.00418747213626558,-0.2250625792480009,0.0,0.0,0.0
403.0,12.535597069269775,-6.240132499159679,0.0,0.0,-4.4867551454996836e-06,0.0,0.0,-6.5822406138297005,20.5794109308,0.0,0.0,0.34210811467002156,0.0,-1.2330383140774328e-05,0.0,0.038272493454572704,0.0041874081494156085,-0.22506268429885212,0.0,0.0,0.0
404.0,12.535596469569326,-6.240137142106002,0.0,0.0,-4.5253226022384645e-06,0.0,0.0,-6.58224511991097,20.5794109308,0.0,0.0,0.34210797780496804,0.0,-1.2436373811614178e-05,0.0,0.03827251673484354,0.004187343731215015,-0.22506279030553983,0.0,0.0,0.0
405.0,12.535595847033097,-6.240141819749957,0.0,0.0,-4.563376757993977e-06,0.0,0.0,-6.582249664303805,20.5794109308,0.0,0.0,0.3421078445538477,0.0,-1.2540953874968799e-05,0.0,0.03827254019332173,0.004187278889402887,-0.22506289725677397,0.0,0.0,0.0
406.0,12.535595201615603,-6.2401465315494145,0.0,0.0,-4.600908530163857e-06,0.0,0.0,-6.582254246490359,20.5794109308,0.0,0.0,0.34210771494094416,0.0,-1.2644098370671466e-05,0.0,0.03827256382731313,0.004187213631831166,-0.22506300514104702,0.0,0.0,0.0
407.0,12.535594533274816,-6.240151276953616,0.0,0.0,-4.637908867828584e-06,0.0,0.0,-6.58225886594372,20.5794109308,0.0,0.0,0.3421075889901042,0.0,-1.2745782425602645e-05,0.0,0.03827258763407979,0.004187147966464064,-0.22506311394663497,0.0,0.0,0.0
408.0,12.535593841972187,-6.240156055403211,0.0,0.0,-4.674368753399323e-06,0.0,0.0,-6.582263522127943,20.5794109308,0.0,0.0,0.34210746672473213,0.0,-1.2845981258217921e-05,0.0,0.03827261161084011,0.004187081901377482,-0.22506322366159764,0.0,0.0,0.0
409.0,12.53559312767268,-6.240160866330299,0.0,0.0,-4.710279204270241e-06,0.0,0.0,-6.5822682144980815,20.5794109308,0.0,0.0,0.3421073481677821,0.0,-1.2944670183088194e-05,0.0,0.038272635754769094,0.00418701544475826,-0.22506333427377945,0.0,0.0,0.0
410.0,12.53559239034479,-6.240165709158474,0.0,0.0,-4.745631274474206e-06,0.0,0.0,-6.582272942500224,20.5794109308,0.0,0.0,0.34210723334174986,0.0,-1.3041824615449205e-05,0.0,0.03827266006299847,0.004186948604903609,-0.22506344577081036,0.0,0.0,0.0
411.0,12.535591629960573,-6.240170583302862,0.0,0.0,-4.780416056341196e-06,0.0,0.0,-6.582277705571534,20.5794109308,0.0,0.0,0.342107122268672,0.0,-1.3137420075758497e-05,0.0,0.03827268453261701,0.004186881390220276,-0.22506355814010615,0.0,0.0,0.0
412.0,12.535590846495667,-6.240175488170171,0.0,0.0,-4.814624682162513e-06,0.0,0.0,-6.582282503140284,20.5794109308,0.0,0.0,0.34210701497011353,0.0,-1.3231432194268363e-05,0.0,0.03827270916067063,0.004186813809223935,-0.22506367136886973,0.0,0.0,0.0
413.0,12.535590039929323,-6.240180423158737,0.0,0.0,-4.848248325855538e-06,0.0,0.0,-6.582287334625904,20.5794109308,0.0,0.0,0.3421069114671669,0.0,-1.3323836715600264e-05,0.0,0.03827273394416274,0.004186745870538397,-0.2250637854440917,0.0,0.0,0.0
414.0,12.535589210244419,-6.240185387658572,0.0,0.0,-4.881278204632233e-06,0.0,0.0,-6.5822921994390144,20.5794109308,0.0,0.0,0.3421068117804422,0.0,-1.3414609503329574e-05,0.0,0.03827275888005436,0.004186677582894885,-0.22506390035255114,0.0,0.0,0.0
415.0,12.535588357427493,-6.240190381051416,0.0,0.0,-4.913705580670292e-06,0.0,0.0,-6.5822970969814785,20.5794109308,0.0,0.0,0.34210671593006214,0.0,-1.3503726544577604e-05,0.0,0.0382727839652645,0.004186608955131163,-0.2250640160808166,0.0,0.0,0.0
416.0,12.53558748146876,-6.2401954027107855,0.0,0.0,-4.945521762787403e-06,0.0,0.0,-6.582302026646444,20.5794109308,0.0,0.0,0.34210662393565805,0.0,-1.3591163954612193e-05,0.0,0.03827280919667024,0.004186539996190813,-0.2250641326152473,0.0,0.0,0.0
417.0,12.535586582362138,-6.24020045200203,0.0,0.0,-4.976718108116273e-06,0.0,0.0,-6.582306987818391,20.5794109308,0.0,0.0,0.3421065358163604,0.0,-1.3676897981450414e-05,0.0,0.03827283457110719,0.004186470715122334,-0.22506424994199373,0.0,0.0,0.0
418.0,12.535585660105268,-6.240205528282386,0.0,0.0,-5.007286023781494e-06,0.0,0.0,-6.582311979873182,20.5794109308,0.0,0.0,0.3421064515907961,0.0,-1.3760905010466331e-05,0.0,0.038272860085369606,0.004186401121078334,-0.22506436804699875,0.0,0.0,0.0
419.0,12.535584714699535,-6.240210630901034,0.0,0.0,-5.037216968579434e-06,0.0,0.0,-6.582317002178114,20.5794109308,0.0,0.0,0.34210637127708043,0.0,-1.3843161569007106e-05,0.0,0.03827288573621074,0.0041863312233147015,-0.22506448691599895,0.0,0.0,0.0
420.0,12.535583746150095,-6.240215759199155,0.0,0.0,-5.066502454658202e-06,0.0,0.0,-6.582322054091966,20.5794109308,0.0,0.0,0.34210629489281086,0.0,-1.3923644331009297e-05,0.0,0.038272911520343095,0.004186261031189589,-0.22506460653452542,0.0,0.0,0.0
421.0,12.535582754465889,-6.240220912509995,0.0,0.0,-5.0951340491985215e-06,0.0,0.0,-6.582327134965059,20.5794109308,0.0,0.0,0.3421062224550635,0.0,-1.40023301216177e-05,0.0,0.03827293743443875,0.004186190554162569,-0.22506472688790516,0.0,0.0,0.0
422.0,12.535581739659662,-6.240226090158923,0.0,0.0,-5.123103376097369e-06,0.0,0.0,-6.582332244139308,20.5794109308,0.0,0.0,0.34210615398038513,0.0,-1.4079195921811767e-05,0.0,0.038272963475129644,0.004186119801793703,-0.22506484796126192,0.0,0.0,0.0
423.0,12.53558070174799,-6.240231291463492,0.0,0.0,-5.150402117647254e-06,0.0,0.0,-6.582337380948282,20.5794109308,0.0,0.0,0.3421060894847896,0.0,-1.4154218873020098e-05,0.0,0.038272989639007896,0.004186048783742541,-0.22506496973951778,0.0,0.0,0.0
424.0,12.535579640751298,-6.240236515733512,0.0,0.0,-5.177022016222564e-06,0.0,0.0,-6.582342544717261,20.5794109308,0.0,0.0,0.342106028983749,0.0,-1.4227376281754319e-05,0.0,0.038273015922626094,0.004185977509767222,-0.22506509220739424,0.0,0.0,0.0
425.0,12.535578556693869,-6.240241762271109,0.0,0.0,-5.202954875960417e-06,0.0,0.0,-6.5823477347633,20.5794109308,0.0,0.0,0.34210597249219177,0.0,-1.429864562422794e-05,0.0,0.038273042322497695,0.004185905989723307,-0.2250652153494136,0.0,0.0,0.0
426.0,12.535577449603876,-6.240247030370794,0.0,0.0,-5.228192564443455e-06,0.0,0.0,-6.582352950395289,20.5794109308,0.0,0.0,0.3421059200244949,0.0,-1.4368004550980502e-05,0.0,0.03827306883509725,0.0041858342335629045,-0.22506533914990023,0.0,0.0,0.0
427.0,12.535576319513389,-6.240252319319538,0.0,0.0,-5.252727014382186e-06,0.0,0.0,-6.582358190914016,20.5794109308,0.0,0.0,0.3421058715944785,0.0,-1.4435430891500548e-05,0.0,0.03827309545686087,0.00418576225133363,-0.2250654635929819,0.0,0.0,0.0
428.0,12.535575166458397,-6.240257628396837,0.0,0.0,-5.276550225295179e-06,0.0,0.0,-6.582363455612238,20.5794109308,0.0,0.0,0.3421058272154003,0.0,-1.4500902658842686e-05,0.0,0.038273122184186485,0.004185690053177357,-0.2250655886625914,0.0,0.0,0.0
429.0,12.535573990478825,-6.240262956874791,0.0,0.0,-5.299654265189811e-06,0.0,0.0,-6.582368743774743,20.5794109308,0.0,0.0,0.3421057868999515,0.0,-1.4564398054246192e-05,0.0,0.03827314901343426,0.004185617649329329,-0.22506571434246786,0.0,0.0,0.0
430.0,12.535572791618549,-6.240268304018173,0.0,0.0,-5.322031272240424e-06,0.0,0.0,-6.582374054678423,20.5794109308,0.0,0.0,0.3421057506602505,0.0,-1.4625895471746523e-05,0.0,0.03827317594092691,0.004185545050116965,-0.22506584061615828,0.0,0.0,0.0
431.0,12.535571569925407,-6.240273669084508,0.0,0.0,-5.343673456465809e-06,0.0,0.0,-6.582379387592345,20.5794109308,0.0,0.0,0.34210571850783733,0.0,-1.4685373502784969e-05,0.0,0.03827320296295017,0.004185472265958695,-0.22506596746701904,0.0,0.0,0.0
432.0,12.535570325451225,-6.240279051324151,0.0,0.0,-5.364573101401815e-06,0.0,0.0,-6.582384741777822,20.5794109308,0.0,0.0,0.34210569045367034,0.0,-1.4742810940804978e-05,0.0,0.038273230075753034,0.004185399307362864,-0.2250660948782176,0.0,0.0,0.0
433.0,12.535569058251822,-6.240284449980368,0.0,0.0,-5.384722565777324e-06,0.0,0.0,-6.582390116488487,20.5794109308,0.0,0.0,0.342105666508119,0.0,-1.4798186785857704e-05,0.0,0.03827325727554832,0.004185326184926494,-0.22506622283273392,0.0,0.0,0.0
434.0,12.535567768387024,-6.240289864289412,0.0,0.0,-5.4041142851814485e-06,0.0,0.0,-6.582395510970371,20.5794109308,0.0,0.0,0.34210564668095866,0.0,-1.4851480249183482e-05,0.0,0.038273284558512935,0.004185252909334178,-0.22506635131336236,0.0,0.0,0.0
435.0,12.535566455920682,-6.240295293480612,0.0,0.0,-5.422740773732441e-06,0.0,0.0,-6.58240092446198,20.5794109308,0.0,0.0,0.3421056309813677,0.0,-1.4902670757797996e-05,0.0,0.03827331192078834,0.004185179491356758,-0.22506648030271315,0.0,0.0,0.0
436.0,12.535565120920683,-6.240300736776453,0.0,0.0,-5.440594625740661e-06,0.0,0.0,-6.582406356194372,20.5794109308,0.0,0.0,0.3421056194179197,0.0,-1.4951737959062191e-05,0.0,0.03827333935848099,0.004185105941850148,-0.2250666097832144,0.0,0.0,0.0
437.0,12.535563763458963,-6.240306193392661,0.0,0.0,-5.457668517371324e-06,0.0,0.0,-6.582411805391244,20.5794109308,0.0,0.0,0.3421056119985826,0.0,-1.4998661725251543e-05,0.0,0.03827336686766269,0.0041850322717541105,-0.2250667397371136,0.0,0.0,0.0
438.0,12.535562383611516,-6.240311662538298,0.0,0.0,-5.47395520829972e-06,0.0,0.0,-6.582417271269006,20.5794109308,0.0,0.0,0.3421056087307077,0.0,-1.5043422158104708e-05,0.0,0.03827339444437111,0.004184958492090815,-0.22506687014647958,0.0,0.0,0.0
439.0,12.535560981458405,-6.24031714341584,0.0,0.0,-5.4894475433657985e-06,0.0,0.0,-6.582422753036874,20.5794109308,0.0,0.0,0.34210560962103376,0.0,-1.5085999593370435e-05,0.0,0.038273422084610174,0.004184884613963755,-0.22506700099320442,0.0,0.0,0.0
440.0,12.535559557083774,-6.240322635221277,0.0,0.0,-5.5041384542215765e-06,0.0,0.0,-6.58242824989695,20.5794109308,0.0,0.0,0.34210561467567313,0.0,-1.5126374605334749e-05,0.0,0.0382734497843505,0.004184810648556303,-0.22506713225900526,0.0,0.0,0.0
441.0,12.535558110575861,-6.2403281371442,0.0,0.0,-5.5180209609759295e-06,0.0,0.0,-6.582433761044314,20.5794109308,0.0,0.0,0.3421056239001139,0.0,-1.5164528011341023e-05,0.0,0.038273477539529914,0.004184736607130313,-0.22506726392542625,0.0,0.0,0.0
442.0,12.535556642027002,-6.240333648367896,0.0,0.0,-5.531088173835993e-06,0.0,0.0,-6.582439285667107,20.5794109308,0.0,0.0,0.34210563729921084,0.0,-1.52004408763007e-05,0.0,0.03827350534605388,0.004184662501024894,-0.2250673959738405,0.0,0.0,0.0
443.0,12.53555515153364,-6.240339168069444,0.0,0.0,-5.543333294740028e-06,0.0,0.0,-6.58244482294663,20.5794109308,0.0,0.0,0.34210565487718547,0.0,-1.5234094517180627e-05,0.0,0.038273533199795935,0.004184588341654916,-0.22506752838545221,0.0,0.0,0.0
444.0,12.535553639196333,-6.240344695419814,0.0,0.0,-5.554749618986273e-06,0.0,0.0,-6.58245037205743,20.5794109308,0.0,0.0,0.34210567663761626,0.0,-1.5265470507479356e-05,0.0,0.03827356109659828,0.004184514140509715,-0.22506766114129867,0.0,0.0,0.0
445.0,12.535552105119768,-6.2403502295839575,0.0,0.0,-5.565330536855894e-06,0.0,0.0,-6.582455932167398,20.5794109308,0.0,0.0,0.3421057025834404,0.0,-1.5294550681687248e-05,0.0,0.03827358903227214,0.004184439909151558,-0.22506779422225223,0.0,0.0,0.0
446.0,12.535550549412758,-6.240355769720918,0.0,0.0,-5.5750695352323084e-06,0.0,0.0,-6.582461502437862,20.5794109308,0.0,0.0,0.3421057327169441,0.0,-1.5321317139736663e-05,0.0,0.038273617002598355,0.00418436565921422,-0.22506792760902267,0.0,0.0,0.0
447.0,12.535548972188252,-6.240361314983926,0.0,0.0,-5.583960199210131e-06,0.0,0.0,-6.582467082023689,20.5794109308,0.0,0.0,0.3421057670397625,0.0,-1.5345752251423628e-05,0.0,0.03827364500332785,0.004184291402401591,-0.22506806128215912,0.0,0.0,0.0
448.0,12.535547373563347,-6.240366864520502,0.0,0.0,-5.5919962137009135e-06,0.0,0.0,-6.582472670073376,20.5794109308,0.0,0.0,0.3421058055528743,0.0,-1.5367838660820725e-05,0.0,0.03827367303018212,0.004184217150486155,-0.22506819522205251,0.0,0.0,0.0
449.0,12.53554575365928,-6.240372417472565,0.0,0.0,-5.599171365030036e-06,0.0,0.0,-6.5824782657291605,20.5794109308,0.0,0.0,0.34210584825659573,0.0,-1.5387559290665694e-05,0.0,0.038273701078853826,0.004184142915307387,-0.22506832940893767,0.0,0.0,0.0
450.0,12.53554411260144,-6.240377972976534,0.0,0.0,-5.605479542528047e-06,0.0,0.0,-6.582483868127114,20.5794109308,0.0,0.0,0.34210589515058043,0.0,-1.540489734673482e-05,0.0,0.038273729145007256,0.0041840687087705,-0.22506846382289553,0.0,0.0,0.0
451.0,12.535542450519378,-6.240383530163438,0.0,0.0,-5.610914740111716e-06,0.0,0.0,-6.582489476397251,20.5794109308,0.0,0.0,0.3421059462338132,0.0,-1.541983632218803e-05,0.0,0.03827375722427887,0.0041839945428445435,-0.22506859844385577,0.0,0.0,0.0
452.0,12.535540767546793,-6.240389088159026,0.0,0.0,-5.615471057861425e-06,0.0,0.0,-6.582495089663634,20.5794109308,0.0,0.0,0.34210600150460735,0.0,-1.5432360001904e-05,0.0,0.03827378531227789,0.004183920429561103,-0.22506873325159876,0.0,0.0,0.0
453.0,12.535539063821549,-6.2403946460838755,0.0,0.0,-5.6191427035853e-06,0.0,0.0,-6.582500707044476,20.5794109308,0.0,0.0,0.34210606096060037,0.0,-1.5442452466778843e-05,0.0,0.038273813404586764,0.004183846381012643,-0.2250688682257584,0.0,0.0,0.0
454.0,12.53553733948567,-6.240400203053506,0.0,0.0,-5.621923994380597e-06,0.0,0.0,-6.582506327652255,20.5794109308,0.0,0.0,0.34210612459874934,0.0,-1.5450098098017237e-05,0.0,0.038273841496761815,0.0041837724093509165,-0.22506900334582416,0.0,0.0,0.0
455.0,12.535535594685342,-6.240405758178491,0.0,0.0,-5.623809358182755e-06,0.0,0.0,-6.582511950593821,20.5794109308,0.0,0.0,0.34210619241533013,0.0,-1.5455281581389746e-05,0.0,0.03827386958433378,0.00418369852678524,-0.2250691385911438,0.0,0.0,0.0
456.0,12.535533829570916,-6.240411310564573,0.0,0.0,-5.6247933353055095e-06,0.0,0.0,-6.582517574970508,20.5794109308,0.0,0.0,0.3421062644059347,0.0,-1.5457987911465562e-05,0.0,0.03827389766280832,0.004183624745581108,-0.22506927394092585,0.0,0.0,0.0
457.0,12.535532044296904,-6.240416859312783,0.0,0.0,-5.6248705799739035e-06,0.0,0.0,-6.5825231998782465,20.5794109308,0.0,0.0,0.3421063405654632,0.0,-1.545820239582576e-05,0.0,0.03827392572766673,0.004183551078058248,-0.22506940937424202,0.0,0.0,0.0
458.0,12.535530239021977,-6.240422403519555,0.0,0.0,-5.6240358618461286e-06,0.0,0.0,-6.582528824407679,20.5794109308,0.0,0.0,0.3421064208881237,0.0,-1.5455910659245905e-05,0.0,0.03827395377436637,0.004183477536589125,-0.22506954487003,0.0,0.0,0.0
459.0,12.535528413908969,-6.240427942276845,0.0,0.0,-5.62228406752535e-06,0.0,0.0,-6.582534447644276,20.5794109308,0.0,0.0,0.3421065053674308,0.0,-1.545109864785113e-05,0.0,0.038273981798341385,0.004183404133597218,-0.22506968040709596,0.0,0.0,0.0
460.0,12.535526569124867,-6.240433474672256,0.0,0.0,-5.61961020206078e-06,0.0,0.0,-6.582540068668456,20.5794109308,0.0,0.0,0.3421065939962,0.0,-1.544375263324173e-05,0.0,0.03827400979500325,0.004183330881555231,-0.22506981596411718,0.0,0.0,0.0
461.0,12.535524704840816,-6.240438999789152,0.0,0.0,-5.616009390440799e-06,0.0,0.0,-6.582545686555697,20.5794109308,0.0,0.0,0.3421066867665452,0.0,-1.5433859216596898e-05,0.0,0.038274037759741406,0.004183257792983522,-0.22506995151964476,0.0,0.0,0.0
462.0,12.535522821232107,-6.240444516706791,0.0,0.0,-5.611476879073117e-06,0.0,0.0,-6.582551300376669,20.5794109308,0.0,0.0,0.3421067836698777,0.0,-1.542140533274288e-05,0.0,0.038274065687923825,0.004183184880448207,-0.22507008705210652,0.0,0.0,0.0
463.0,12.53552091847818,-6.240450024500443,0.0,0.0,-5.60600803725475e-06,0.0,0.0,-6.582556909197344,20.5794109308,0.0,0.0,0.34210688469690176,0.0,-1.5406378254193197e-05,0.0,0.03827409357489772,0.0041831121565594626,-0.2250702225398094,0.0,0.0,0.0
464.0,12.535518996762617,-6.240455522241518,0.0,0.0,-5.5995983586298096e-06,0.0,0.0,-6.58256251207913,20.5794109308,0.0,0.0,0.34210698983761123,0.0,-1.538876559515536e-05,0.0,0.03827412141599009,0.004183039633969779,-0.22507035796094282,0.0,0.0,0.0
465.0,12.535517056273129,-6.240461008997697,0.0,0.0,-5.592243462636861e-06,0.0,0.0,-6.582568108078988,20.5794109308,0.0,0.0,0.3421070990812911,0.0,-1.536855531550898e-05,0.0,0.03827414920650841,0.004182967325371989,-0.2250704932935809,0.0,0.0,0.0
466.0,12.535515097201559,-6.240466483833053,0.0,0.0,-5.58393909594325e-06,0.0,0.0,-6.582573696249564,20.5794109308,0.0,0.0,0.34210721241651054,0.0,-1.534573572474809e-05,0.0,0.038274176941741254,0.004182895243497728,-0.2250706285156857,0.0,0.0,0.0
467.0,12.535513119743868,-6.240471945808191,0.0,0.0,-5.574681133866565e-06,0.0,0.0,-6.582579275639313,20.5794109308,0.0,0.0,0.3421073298311219,0.0,-1.5320295485888113e-05,0.0,0.03827420461695895,0.004182823401115435,-0.2250707636051102,0.0,0.0,0.0
468.0,12.535511124100134,-6.240477393980372,0.0,0.0,-5.564465581785134e-06,0.0,0.0,-6.582584845292633,20.5794109308,0.0,0.0,0.34210745131226084,0.0,-1.529222361934275e-05,0.0,0.03827423222741424,0.004182751811028437,-0.22507089853960094,0.0,0.0,0.0
469.0,12.535509110474536,-6.240482827403649,0.0,0.0,-5.553288576536068e-06,0.0,0.0,-6.5825904042499905,20.5794109308,0.0,0.0,0.34210757684634174,0.0,-1.5261509506766688e-05,0.0,0.03827425976834296,0.004182680486073287,-0.22507103329680112,0.0,0.0,0.0
470.0,12.535507079075346,-6.240488245128999,0.0,0.0,-5.541146387796948e-06,0.0,0.0,-6.582595951548057,20.5794109308,0.0,0.0,0.34210770641905786,0.0,-1.5228142894853331e-05,0.0,0.038274287234964656,0.004182609439117732,-0.22507116785425385,0.0,0.0,0.0
471.0,12.535505030114926,-6.240493646204462,0.0,0.0,-5.528035419456595e-06,0.0,0.0,-6.582601486219838,20.5794109308,0.0,0.0,0.34210784001537586,0.0,-1.5192113899102614e-05,0.0,0.03827431462248335,0.004182538683058817,-0.2250713021894048,0.0,0.0,0.0
472.0,12.535502963809707,-6.240499029675275,0.0,0.0,-5.513952210971202e-06,0.0,0.0,-6.582607007294814,20.5794109308,0.0,0.0,0.3421079776195386,0.0,-1.5153413007548592e-05,0.0,0.03827434192608815,0.004182468230821107,-0.22507143627960552,0.0,0.0,0.0
473.0,12.535500880380182,-6.240504394584011,0.0,0.0,-5.498893438708296e-06,0.0,0.0,-6.582612513799071,20.5794109308,0.0,0.0,0.3421081192150597,0.0,-1.5112031084453601e-05,0.0,0.038274369140953925,0.004182398095354534,-0.22507157010211648,0.0,0.0,0.0
474.0,12.535498780050897,-6.240509739970716,0.0,0.0,-5.4828559172722175e-06,0.0,0.0,-6.582618004755441,20.5794109308,0.0,0.0,0.34210826478472445,0.0,-1.506795937395169e-05,0.0,0.038274396262242126,0.004182328289632706,-0.22507170363411033,0.0,0.0,0.0
475.0,12.535496663050434,-6.240515064873052,0.0,0.0,-5.465836600818532e-06,0.0,0.0,-6.582623479183639,20.5794109308,0.0,0.0,0.34210841431058725,0.0,-1.5021189503661619e-05,0.0,0.03827442328510133,0.0041822588266508115,-0.2250718368526749,0.0,0.0,0.0
476.0,12.535494529611398,-6.240520368326437,0.0,0.0,-5.447832584354097e-06,0.0,0.0,-6.582628936100408,20.5794109308,0.0,0.0,0.3421085677739706,0.0,-1.4971713488260499e-05,0.0,0.03827445020466807,0.004182189719423621,-0.22507196973481636,0.0,0.0,0.0
477.0,12.5354923799704,-6.240525649364188,0.0,0.0,-5.428841105016225e-06,0.0,0.0,-6.582634374519652,20.5794109308,0.0,0.0,0.3421087251554642,0.0,-1.4919523732999995e-05,0.0,0.03827447701606746,0.0041821209809835835,-0.22507210225746282,0.0,0.0,0.0
478.0,12.535490214368048,-6.240530907017665,0.0,0.0,-5.408859543343474e-06,0.0,0.0,-6.582639793452588,20.5794109308,0.0,0.0,0.3421088864349233,0.0,-1.4864613037199553e-05,0.0,0.038274503714414,0.00418205262437879,-0.2250722343974672,0.0,0.0,0.0
479.0,12.535488033048926,-6.240536140316417,0.0,0.0,-5.387885424524846e-06,0.0,0.0,-6.5826451919078846,20.5794109308,0.0,0.0,0.34210905159146776,0.0,-1.480697459768031e-05,0.0,0.03827453029481224,0.004181984662670918,-0.22507236613161077,0.0,0.0,0.0
480.0,12.53548583626158,-6.240541348288325,0.0,0.0,-5.3659164196371e-06,0.0,0.0,-6.582650568891807,20.5794109308,0.0,0.0,0.3421092206034819,0.0,-1.4746602012166376e-05,0.0,0.038274556752357546,0.004181917108933245,-0.2250724974366064,0.0,0.0,0.0
481.0,12.5354836242585,-6.240546529959753,0.0,0.0,-5.342950346861511e-06,0.0,0.0,-6.582655923408366,20.5794109308,0.0,0.0,0.342109393448613,0.0,-1.4683489282629642e-05,0.0,0.038274583082136805,0.004181849976248694,-0.22507262828910185,0.0,0.0,0.0
482.0,12.535481397296099,-6.240551684355695,0.0,0.0,-5.318985172688793e-06,0.0,0.0,-6.582661254459465,20.5794109308,0.0,0.0,0.3421095701037702,0.0,-1.4617630818602113e-05,0.0,0.03827460927922921,0.004181783277707546,-0.22507275866568333,0.0,0.0,0.0
483.0,12.535479155634699,-6.240556810499922,0.0,0.0,-5.2940190131018835e-06,0.0,0.0,-6.582666561045047,20.5794109308,0.0,0.0,0.3421097505451254,0.0,-1.4549021440427395e-05,0.0,0.038274635338707,0.004181717026405615,-0.22507288854287885,0.0,0.0,0.0
484.0,12.535476899538505,-6.240561907415137,0.0,0.0,-5.268050134744986e-06,0.0,0.0,-6.58267184216325,20.5794109308,0.0,0.0,0.34210993474811247,0.0,-1.447765638247446e-05,0.0,0.03827466125563617,0.004181651235441966,-0.22507301789716155,0.0,0.0,0.0
485.0,12.535474629275596,-6.240566974123124,0.0,0.0,-5.2410769560727884e-06,0.0,0.0,-6.582677096810548,20.5794109308,0.0,0.0,0.3421101226874246,0.0,-1.440353129629696e-05,0.0,0.03827468702507731,0.004181585917917036,-0.22507314670495343,0.0,0.0,0.0
486.0,12.53547234511789,-6.240572009644898,0.0,0.0,-5.2130980484842265e-06,0.0,0.0,-6.582682323981917,20.5794109308,0.0,0.0,0.34211031433701855,0.0,-1.4326642253750082e-05,0.0,0.03827471264208631,0.004181521086930262,-0.22507327494262863,0.0,0.0,0.0
487.0,12.535470047341132,-6.240577013000866,0.0,0.0,-5.184112137435664e-06,0.0,0.0,-6.582687522670976,20.5794109308,0.0,0.0,0.3421105096701096,0.0,-1.4246985750050871e-05,0.0,0.03827473810171512,0.004181456755578211,-0.22507340258651706,0.0,0.0,0.0
488.0,12.535467736224868,-6.240581983210972,0.0,0.0,-5.1541181035372565e-06,0.0,0.0,-6.582692691870149,20.5794109308,0.0,0.0,0.3421107086591775,0.0,-1.4164558706792347e-05,0.0,0.03827476339901259,0.004181392936952313,-0.22507352961290794,0.0,0.0,0.0
489.0,12.535465412052423,-6.240586919294859,0.0,0.0,-5.123114983628698e-06,0.0,0.0,-6.58269783057082,20.5794109308,0.0,0.0,0.3421109112759604,0.0,-1.4079358474901002e-05,0.0,0.0382747885290252,0.004181329644136755,-0.2250736559980534,0.0,0.0,0.0
490.0,12.535463075110872,-6.240591820272026,0.0,0.0,-5.091101971839572e-06,0.0,0.0,-6.582702937763485,20.5794109308,0.0,0.0,0.3421111174914593,0.0,-1.3991382837552015e-05,0.0,0.03827481348679788,0.004181266890206287,-0.22507378171817222,0.0,0.0,0.0
491.0,12.535460725691022,-6.24059668516198,0.0,0.0,-5.058078420623679e-06,0.0,0.0,-6.582708012437916,20.5794109308,0.0,0.0,0.3421113272759362,0.0,-1.3900630013012953e-05,0.0,0.038274838267374746,0.004181204688224166,-0.2250739067494532,0.0,0.0,0.0
492.0,12.535458364087384,-6.240601512984399,0.0,0.0,-5.024043841782641e-06,0.0,0.0,-6.582713053583316,20.5794109308,0.0,0.0,0.3421115405989168,0.0,-1.3807098657458034e-05,0.0,0.03827486286579997,0.004181143051239802,-0.22507403106805915,0.0,0.0,0.0
493.0,12.535455990598146,-6.240606302759289,0.0,0.0,-4.988997907462508e-06,0.0,0.0,-6.582718060188479,20.5794109308,0.0,0.0,0.34211175742918964,0.0,-1.3710787867708222e-05,0.0,0.038274887277118516,0.00418108199228677,-0.22507415465013025,0.0,0.0,0.0
494.0,12.535453605525147,-6.240611053507147,0.0,0.0,-4.952940451132684e-06,0.0,0.0,-6.5827230312419545,20.5794109308,0.0,0.0,0.34211197773480784,0.0,-1.3611697183922754e-05,0.0,0.038274911496376976,0.004181021524380477,-0.2250742774717881,0.0,0.0,0.0
495.0,12.535451209173845,-6.240615764249115,0.0,0.0,-4.915871468546198e-06,0.0,0.0,-6.582727965732204,20.5794109308,0.0,0.0,0.3421122014830891,0.0,-1.3509826592239416e-05,0.0,0.038274935518624355,0.0041809616605160554,-0.22507439950913927,0.0,0.0,0.0
496.0,12.535448801853295,-6.240620434007151,0.0,0.0,-4.877791118674569e-06,0.0,0.0,-6.5827328626477675,20.5794109308,0.0,0.0,0.34211242864061653,0.0,-1.340517652734501e-05,0.0,0.03827495933891293,0.0041809024136660045,-0.22507452073827902,0.0,0.0,0.0
497.0,12.53544638387612,-6.2406250618041845,0.0,0.0,-4.8386997246274754e-06,0.0,0.0,-6.582737720977425,20.5794109308,0.0,0.0,0.34211265917324063,0.0,-1.3297747875004103e-05,0.0,0.03827498295229902,0.004180843796778105,-0.22507464113529532,0.0,0.0,0.0
498.0,12.535443955558472,-6.240629646664282,0.0,0.0,-4.798597774547944e-06,0.0,0.0,-6.582742539710363,20.5794109308,0.0,0.0,0.34211289304608083,0.0,-1.3187541974520502e-05,0.0,0.038275006353843836,0.004180785822773189,-0.2250747606762725,0.0,0.0,0.0
499.0,12.53544151722001,-6.240634187612813,0.0,0.0,-4.7574859224861725e-06,0.0,0.0,-6.582747317836339,20.5794109308,0.0,0.0,0.34211313022352563,0.0,-1.3074560621140037e-05,0.0,0.03827502953861429,0.004180728504542791,-0.225074879337295,0.0,0.0,0.0
500.0,12.535439069183862,-6.240638683676611,0.0,0.0,-4.715364989250369e-06,0.0,0.0,-6.582752054345846,20.5794109308,0.0,0.0,0.3421133706692352,0.0,-1.2958806068390184e-05,0.0,0.03827505250168382,0.004180671854946957,-0.22507499709445153,0.0,0.0,0.0
501.0,12.535436611776605,-6.2406431338841415,0.0,0.0,-4.672235963239478e-06,0.0,0.0,-6.582756748230285,20.5794109308,0.0,0.0,0.3421136143461432,0.0,-1.2840281030369946e-05,0.0,0.03827507523813325,0.004180615886811984,-0.2250751139238386,0.0,0.0,0.0
502.0,12.535434145328214,-6.240647537265668,0.0,0.0,-4.628100001250361e-06,0.0,0.0,-6.582761398482125,20.5794109308,0.0,0.0,0.3421138612164576,0.0,-1.2718988683969542e-05,0.0,0.03827509774305159,0.004180560612928208,-0.22507522980156475,0.0,0.0,0.0
503.0,12.535431670172043,-6.240651892853418,0.0,0.0,-4.582958429262872e-06,0.0,0.0,-6.582766004095082,20.5794109308,0.0,0.0,0.34211411124166435,0.0,-1.2594932671029356e-05,0.0,0.038275120011536906,0.004180506046047652,-0.22507534470375418,0.0,0.0,0.0
504.0,12.535429186644786,-6.2406561996817524,0.0,0.0,-4.536812743203623e-06,0.0,0.0,-6.582770564064278,20.5794109308,0.0,0.0,0.3421143643825255,0.0,-1.2468117100440342e-05,0.0,0.03827514203869717,0.004180452198881718,-0.22507545860655095,0.0,0.0,0.0
505.0,12.535426695086436,-6.240660456787332,0.0,0.0,-4.489664609684847e-06,0.0,0.0,-6.582775077386418,20.5794109308,0.0,0.0,0.34211462059908637,0.0,-1.2338546550176009e-05,0.0,0.038275163819651035,0.004180399084099104,-0.22507557148612278,0.0,0.0,0.0
506.0,12.53542419584026,-6.2406646632092855,0.0,0.0,-4.441515866719879e-06,0.0,0.0,-6.582779543059959,20.5794109308,0.0,0.0,0.3421148798506737,0.0,-1.2206226069260152e-05,0.0,0.0382751853495288,0.004180346714323199,-0.22507568331866507,0.0,0.0,0.0
507.0,12.535421689252754,-6.240668817989381,0.0,0.0,-4.392368524418892e-06,0.0,0.0,-6.582783960085283,20.5794109308,0.0,0.0,0.34211514209590277,0.0,-1.2071161179680344e-05,0.0,0.03827520662347315,0.004180295102130097,-0.2250757940804049,0.0,0.0,0.0
508.0,12.535419175673606,-6.2406729201721935,0.0,0.0,-4.342224765655125e-06,0.0,0.0,-6.5827883274648675,20.5794109308,0.0,0.0,0.342115407292674,0.0,-1.193335787822035e-05,0.0,0.03827522763664011,0.004180244260046054,-0.2250759037476051,0.0,0.0,0.0
509.0,12.535416655455666,-6.240676968805279,0.0,0.0,-4.291086946709461e-06,0.0,0.0,-6.582792644203459,20.5794109308,0.0,0.0,0.3421156753981798,0.0,-1.179282263823303e-05,0.0,0.03827524838419982,0.004180194200545315,-0.22507601229656823,0.0,0.0,0.0
510.0,12.535414128954896,-6.240680962939341,0.0,0.0,-4.2389575978946114e-06,0.0,0.0,-6.582796909308248,20.5794109308,0.0,0.0,0.3421159463689074,0.0,-1.1649562411357237e-05,0.0,0.03827526886133744,0.004180144936047792,-0.2250761197036406,0.0,0.0,0.0
511.0,12.535411596530338,-6.240684901628404,0.0,0.0,-4.185839424146925e-06,0.0,0.0,-6.5828011217890445,20.5794109308,0.0,0.0,0.3421162201606407,0.0,-1.1503584629145735e-05,0.0,0.03827528906325401,0.0041800964789166645,-0.2250762259452166,0.0,0.0,0.0
512.0,12.53540905854407,-6.240688783929985,0.0,0.0,-4.131735305601026e-06,0.0,0.0,-6.582805280658447,20.5794109308,0.0,0.0,0.3421164967284618,0.0,-1.135489720464593e-05,0.0,0.03827530898516732,0.00418004884145616,-0.22507633099774224,0.0,0.0,0.0
513.0,12.53540651536117,-6.240692608905268,0.0,0.0,-4.076648298132221e-06,0.0,0.0,-6.582809384932024,20.5794109308,0.0,0.0,0.3421167760267565,0.0,-1.120350853389206e-05,0.0,0.038275328622312754,0.004180002035909097,-0.22507643483771986,0.0,0.0,0.0
514.0,12.535403967349668,-6.2406963756192715,0.0,0.0,-4.020581633883197e-06,0.0,0.0,-6.5828134336284885,20.5794109308,0.0,0.0,0.342117058009217,0.0,-1.1049427497354184e-05,0.0,0.03827534796994419,0.00417995607445476,-0.22507653744171188,0.0,0.0,0.0
515.0,12.535401414880504,-6.240700083141028,0.0,0.0,-3.963538721755201e-06,0.0,0.0,-6.582817425769874,20.5794109308,0.0,0.0,0.3421173426288462,0.0,-1.0892663461289588e-05,0.0,0.03827536702333485,0.004179910969206294,-0.22507663878634504,0.0,0.0,0.0
516.0,12.535398858327492,-6.240703730543751,0.0,0.0,-3.905523147878899e-06,0.0,0.0,-6.582821360381709,20.5794109308,0.0,0.0,0.3421176298379587,0.0,-1.0733226279038359e-05,0.0,0.038275385777778205,0.004179866732208604,-0.22507673884831444,0.0,0.0,0.0
517.0,12.535396298067267,-6.240707316905013,0.0,0.0,-3.846538676058879e-06,0.0,0.0,-6.582825236493202,20.5794109308,0.0,0.0,0.3421179195881887,0.0,-1.0571126292246505e-05,0.0,0.03827540422858879,0.004179823375435945,-0.22507683760438796,0.0,0.0,0.0
518.0,12.53539373447925,-6.240710841306919,0.0,0.0,-3.7865892481902485e-06,0.0,0.0,-6.582829053137408,20.5794109308,0.0,0.0,0.3421182118304884,0.0,-1.040637433201241e-05,0.0,0.03827542237110317,0.004179780910789535,-0.22507693503141007,0.0,0.0,0.0
519.0,12.53539116794559,-6.24071430283628,0.0,0.0,-3.7256789846527263e-06,0.0,0.0,-6.582832809351418,20.5794109308,0.0,0.0,0.34211850651513753,0.0,-1.0238981719971449e-05,0.0,0.03827544020068074,0.004179739350095191,-0.22507703110630634,0.0,0.0,0.0
520.0,12.535388598851133,-6.240717700584787,0.0,0.0,-3.6638121846721458e-06,0.0,0.0,-6.58283650417653,20.5794109308,0.0,0.0,0.3421188035917435,0.0,-1.0068960269291e-05,0.0,0.03827545771270464,0.00417969870510114,-0.22507712580608735,0.0,0.0,0.0
521.0,12.535386027583364,-6.240721033649186,0.0,0.0,-3.600993326661165e-06,0.0,0.0,-6.582840136658433,20.5794109308,0.0,0.0,0.34211910300924675,0.0,-9.89632228560838e-06,0.0,0.03827547490258266,0.004179658987475493,-0.22507721910785317,0.0,0.0,0.0
522.0,12.535383454532363,-6.240724301131455,0.0,0.0,-3.537227068528192e-06,0.0,0.0,-6.582843705847382,20.5794109308,0.0,0.0,0.34211940471592683,0.0,-9.721080567881374e-06,0.0,0.038275491765748064,0.004179620208803997,-0.2250773109887973,0.0,0.0,0.0
523.0,12.53538088009076,-6.2407275021389745,0.0,0.0,-3.4725182479638e-06,0.0,0.0,-6.582847210798381,20.5794109308,0.0,0.0,0.3421197086594061,0.0,-9.543248409176919e-06,0.0,0.03827550829766052,0.004179582380587701,-0.22507740142621105,0.0,0.0,0.0
524.0,12.535378304653678,-6.2407306357847085,0.0,0.0,-3.406871882695947e-06,0.0,0.0,-6.582850650571361,20.5794109308,0.0,0.0,0.3421200147866523,0.0,-9.362839597374078e-06,0.0,0.038275524493807,0.0041795455142405735,-0.22507749039748773,0.0,0.0,0.0
525.0,12.535375728618696,-6.240733701187376,0.0,0.0,-3.340293170717163e-06,0.0,0.0,-6.582854024231362,20.5794109308,0.0,0.0,0.34212032304398576,0.0,-9.179868415789916e-06,0.0,0.03827554034970261,0.004179509621087152,-0.22507757788012697,0.0,0.0,0.0
526.0,12.53537315238579,-6.240736697471627,0.0,0.0,-3.272787490487463e-06,0.0,0.0,-6.582857330848711,20.5794109308,0.0,0.0,0.34212063337708365,0.0,-8.994349643738726e-06,0.0,0.03827555586089151,0.004179474712360173,-0.22507766385173877,0.0,0.0,0.0
527.0,12.535370576357279,-6.24073962376822,0.0,0.0,-3.2043604011080755e-06,0.0,0.0,-6.582860569499204,20.5794109308,0.0,0.0,0.3421209457309846,0.0,-8.806298557010996e-06,0.0,0.038275571022947784,0.0041794407991983945,-0.22507774829004798,0.0,0.0,0.0
528.0,12.535368000937785,-6.240742479214193,0.0,0.0,-3.1350176424635022e-06,0.0,0.0,-6.582863739264288,20.5794109308,0.0,0.0,0.3421212600500949,0.0,-8.615730928265365e-06,0.0,0.03827558583147638,0.004179407892644024,-0.2250778311728983,0.0,0.0,0.0
529.0,12.535365426534174,-6.2407452629530455,0.0,0.0,-3.0647651353410054e-06,0.0,0.0,-6.5828668392312375,20.5794109308,0.0,0.0,0.34212157627819195,0.0,-8.422663027358519e-06,0.0,0.03827560028211391,0.004179376003640475,-0.22507791247825684,0.0,0.0,0.0
530.0,12.535362853555501,-6.240747974134909,0.0,0.0,-2.9936089815160644e-06,0.0,0.0,-6.582869868493341,20.5794109308,0.0,0.0,0.3421218943584323,0.0,-8.227111621581574e-06,0.0,0.03827561437052963,0.0041793451430301165,-0.22507799218421815,0.0,0.0,0.0
531.0,12.535360282412961,-6.240750611916723,0.0,0.0,-2.9215554638137725e-06,0.0,0.0,-6.582872826150077,20.5794109308,0.0,0.0,0.3421222142333544,0.0,-8.029093975830312e-06,0.0,0.03827562809242623,0.0041793153215518575,-0.22507807026900856,0.0,0.0,0.0
532.0,12.535357713519833,-6.240753175462413,0.0,0.0,-2.8486110461374944e-06,0.0,0.0,-6.5828757113073,20.5794109308,0.0,0.0,0.3421225358448865,0.0,-7.828627852685444e-06,0.0,0.038275641443540814,0.004179286549838762,-0.22507814671099058,0.0,0.0,0.0
533.0,12.535355147291426,-6.240755663943064,0.0,0.0,-2.774782373470105e-06,0.0,0.0,-6.582878523077416,20.5794109308,0.0,0.0,0.3421228591343519,0.0,-7.625731512417499e-06,0.0,0.03827565441964571,0.004179258838415842,-0.22507822148866688,0.0,0.0,0.0
534.0,12.535352584145024,-6.2407580765370945,0.0,0.0,-2.700076271847521e-06,0.0,0.0,-6.582881260579569,20.5794109308,0.0,0.0,0.34212318404247455,0.0,-7.420423712915563e-06,0.0,0.03827566701654943,0.004179232197697669,-0.225078294580685,0.0,0.0,0.0
535.0,12.535350024499825,-6.240760412430432,0.0,0.0,-2.6244997482992554e-06,0.0,0.0,-6.582883922939818,20.5794109308,0.0,0.0,0.34212351050938583,0.0,-7.212723709525373e-06,0.0,0.03827567923009746,0.0041792066379860715,-0.22507836596584113,0.0,0.0,0.0
536.0,12.535347468776896,-6.24076267081669,0.0,0.0,-2.5480599907623963e-06,0.0,0.0,-6.58288650929132,20.5794109308,0.0,0.0,0.34212383847462924,0.0,-7.002651254814361e-06,0.0,0.03827569105617326,0.004179182169467804,-0.22507843562308483,0.0,0.0,0.0
537.0,12.535344917399101,-6.240764850897341,0.0,0.0,-2.4707643679651633e-06,0.0,0.0,-6.582889018774509,20.5794109308,0.0,0.0,0.34212416787716826,0.0,-6.7902265982530764e-06,0.0,0.038275702490699046,0.004179158802212257,-0.22507850353152303,0.0,0.0,0.0
538.0,12.535342370791053,-6.240766951881888,0.0,0.0,-2.392620429277736e-06,0.0,0.0,-6.582891450537281,20.5794109308,0.0,0.0,0.3421244986553935,0.0,-6.57547048580664e-06,0.0,0.038275713529636705,0.004179136546169138,-0.22507856967042456,0.0,0.0,0.0
539.0,12.535339829379051,-6.240768972988042,0.0,0.0,-2.3136359045411714e-06,0.0,0.0,-6.58289380373517,20.5794109308,0.0,0.0,0.3421248307471281,0.0,-6.358404159465983e-06,0.0,0.038275724168988716,0.004179115411166209,-0.22507863401922396,0.0,0.0,0.0
540.0,12.535337293591027,-6.240770913441897,0.0,0.0,-2.2338187038533496e-06,0.0,0.0,-6.5828960775315295,20.5794109308,0.0,0.0,0.3421251640896328,0.0,-6.139049356660941e-06,0.0,0.03827573440479898,0.00417909540690696,-0.22507869655752644,0.0,0.0,0.0
541.0,12.53533476385648,-6.240772772478096,0.0,0.0,-2.153176917337526e-06,0.0,0.0,-6.582898271097713,20.5794109308,0.0,0.0,0.34212549861961694,0.0,-5.917428309625561e-06,0.0,0.038275744233153684,0.004179076542968341,-0.2250787572651116,0.0,0.0,0.0
542.0,12.535332240606413,-6.240774549340013,0.0,0.0,-2.0717188148721626e-06,0.0,0.0,-6.582900383613256,20.5794109308,0.0,0.0,0.3421258342732436,0.0,-5.6935637446569475e-06,0.0,0.038275753650182265,0.0041790588287985014,-0.22507881612193792,0.0,0.0,0.0
543.0,12.535329724273284,-6.240776243279917,0.0,0.0,-1.989452845792463e-06,0.0,0.0,-6.582902414266052,20.5794109308,0.0,0.0,0.34212617098613496,0.0,-5.467478881296332e-06,0.0,0.038275762652058176,0.004179042273714531,-0.22507887310814695,0.0,0.0,0.0
544.0,12.53532721529093,-6.240777853559153,0.0,0.0,-1.906387638561269e-06,0.0,0.0,-6.582904362252534,20.5794109308,0.0,0.0,0.3421265086933811,0.0,-5.239197431425924e-06,0.0,0.03827577123499981,0.004179026886900056,-0.22507892820406772,0.0,0.0,0.0
545.0,12.535324714094518,-6.240779379448304,0.0,0.0,-1.8225320004110496e-06,0.0,0.0,-6.582906226777851,20.5794109308,0.0,0.0,0.34212684732954735,0.0,-5.008743598286277e-06,0.0,0.03827577939527141,0.004179012677403268,-0.2250789813902208,0.0,0.0,0.0
546.0,12.535322221120474,-6.240780820227369,0.0,0.0,-1.7378949169523387e-06,0.0,0.0,-6.5829080070560515,20.5794109308,0.0,0.0,0.3421271868286828,0.0,-4.776142075401436e-06,0.0,0.038275787129183836,0.004178999654134402,-0.2250790326473227,0.0,0.0,0.0
547.0,12.53531973680642,-6.24078217518593,0.0,0.0,-1.652485551751612e-06,0.0,0.0,-6.582909702310256,20.5794109308,0.0,0.0,0.34212752712432604,0.0,-4.54141804542007e-06,0.0,0.03827579443309552,0.004178987825863706,-0.22507908195629006,0.0,0.0,0.0
548.0,12.535317261591116,-6.240783443623325,0.0,0.0,-1.5663132458778974e-06,0.0,0.0,-6.58291131177284,20.5794109308,0.0,0.0,0.34212786814951457,0.0,-4.304597178870641e-06,0.0,0.038275801303413286,0.004178977201219056,-0.22507912929824386,0.0,0.0,0.0
549.0,12.53531479591439,-6.240784624848814,0.0,0.0,-1.4793875174194233e-06,0.0,0.0,-6.582912834685605,20.5794109308,0.0,0.0,0.34212820983679126,0.0,-4.065705632834209e-06,0.0,0.03827580773659321,0.004178967788683888,-0.22507917465451366,0.0,0.0,0.0
550.0,12.535312340217075,-6.240785718181749,0.0,0.0,-1.3917180609665527e-06,0.0,0.0,-6.5829142702999635,20.5794109308,0.0,0.0,0.342128552118214,0.0,-3.824770049524548e-06,0.0,0.03827581372914149,0.0041789595965948945,-0.22507921800664182,0.0,0.0,0.0
551.0,12.535309894940946,-6.240786722951743,0.0,0.0,-1.3033147470670002e-06,0.0,0.0,-6.582915617877107,20.5794109308,0.0,0.0,0.3421288949253638,0.0,-3.5818175547920653e-06,0.0,0.03827581927761529,0.00417895263313986,-0.22507925933638767,0.0,0.0,0.0
552.0,12.53530746052865,-6.240787638498835,0.0,0.0,-1.2141876216448784e-06,0.0,0.0,-6.582916876688185,20.5794109308,0.0,0.0,0.3421292381893499,0.0,-3.336875756528275e-06,0.0,0.038275824378623584,0.004178946906355549,-0.2250792986257319,0.0,0.0,0.0
553.0,12.535305037423639,-6.2407884641736615,0.0,0.0,-1.1243469053907547e-06,0.0,0.0,-6.582918046014484,20.5794109308,0.0,0.0,0.34212958184082254,0.0,-3.089972742990576e-06,0.0,0.038275829028828035,0.004178942424125365,-0.22507933585688034,0.0,0.0,0.0
554.0,12.535302626070111,-6.240789199337616,0.0,0.0,-1.0338029931197354e-06,0.0,0.0,-6.582919125147595,20.5794109308,0.0,0.0,0.3421299258099788,0.0,-2.841137081039123e-06,0.0,0.03827583322494378,0.004178939194177375,-0.2250793710122686,0.0,0.0,0.0
555.0,12.535300226912932,-6.24078984336302,0.0,0.0,-9.425664530981851e-07,0.0,0.0,-6.5829201133895925,20.5794109308,0.0,0.0,0.3421302700265727,0.0,-2.590397814287469e-06,0.0,0.03827583696374032,0.004178937224082108,-0.22507940407456598,0.0,0.0,0.0
556.0,12.535297840397577,-6.240790395633281,0.0,0.0,-8.50648026336304e-07,0.0,0.0,-6.582921010053204,20.5794109308,0.0,0.0,0.342130614419923,0.0,-2.337784461159339e-06,0.0,0.03827584024204232,0.004178936521250384,-0.22507943502667954,0.0,0.0,0.0
557.0,12.535295466970053,-6.2407908555430645,0.0,0.0,-7.580586258516716e-07,0.0,0.0,-6.582921814461986,20.5794109308,0.0,0.0,0.3421309589189212,0.0,-2.083327012865574e-06,0.0,0.0382758430567305,0.004178937092931226,-0.22507946385175837,0.0,0.0,0.0
558.0,12.535293107076837,-6.240791222498448,0.0,0.0,-6.648093358979737e-07,0.0,0.0,-6.582922525950491,20.5794109308,0.0,0.0,0.34213130345204323,0.0,-1.8270559312853577e-06,0.0,0.038275845404742354,0.00417893894620977,-0.22507949053319778,0.0,0.0,0.0
559.0,12.535290761164806,-6.240791495917088,0.0,0.0,-5.709114111636268e-07,0.0,0.0,-6.582923143864444,20.5794109308,0.0,0.0,0.3421316479473564,0.0,-1.5690021467646722e-06,0.0,0.038275847283073074,0.004178942088005136,-0.22507951505464313,0.0,0.0,0.0
560.0,12.535288429681161,-6.240791675228378,0.0,0.0,-4.763762759376247e-07,0.0,0.0,-6.582923667560908,20.5794109308,0.0,0.0,0.3421319923325301,0.0,-1.3091970558246337e-06,0.0,0.03827584868877632,0.004178946525068394,-0.2250795373999942,0.0,0.0,0.0
561.0,12.535286113073365,-6.240791759873611,0.0,0.0,-3.812155232427582e-07,0.0,0.0,-6.582924096408455,20.5794109308,0.0,0.0,0.3421323365348439,0.0,-1.047672518780119e-06,0.0,0.03827584961896506,0.0041789522639805315,-0.22507955755340908,0.0,0.0,0.0
562.0,12.535283811789066,-6.240791749306136,0.0,0.0,-2.8544091393806016e-07,0.0,0.0,-6.582924429787334,20.5794109308,0.0,0.0,0.34213268048119794,0.0,-7.844608572737789e-07,0.0,0.03827585007081231,0.004178959311150338,-0.22507957549930827,0.0,0.0,0.0
563.0,12.535281526276028,-6.240791642991517,0.0,0.0,-1.8906437578497748e-07,0.0,0.0,-6.582924667089638,20.5794109308,0.0,0.0,0.3421330240981213,0.0,-5.195948517103174e-07,0.0,0.03827585004155204,0.004178967672812325,-0.2250795912223787,0.0,0.0,0.0
564.0,12.535279256982061,-6.240791440407688,0.0,0.0,-9.209800248819863e-08,0.0,0.0,-6.582924807719472,20.5794109308,0.0,0.0,0.3421333673117841,0.0,-2.531077386210785e-07,0.0,0.038275849528479886,0.004178977355024996,-0.22507960470757768,0.0,0.0,0.0
565.0,12.535277004354946,-6.240791141045112,0.0,0.0,5.445947303909387e-09,0.0,0.0,-6.582924851093116,20.5794109308,0.0,0.0,0.34213371004800397,0.0,1.4966792082416594e-08,0.0,0.03827584852895399,0.004178988363668451,-0.22507961594013715,0.0,0.0,0.0
566.0,12.53527476884236,-6.240790744406932,0.0,0.0,1.035550510241168e-07,0.0,0.0,-6.582924796639191,20.5794109308,0.0,0.0,0.3421340522322591,0.0,2.8459459992437663e-07,0.0,0.03827584704039577,0.004179000704442742,-0.2250796249055672,0.0,0.0,0.0
567.0,12.535272550891815,-6.240790250009126,0.0,0.0,2.0221672325078077e-07,0.0,0.0,-6.5829246437988225,20.5794109308,0.0,0.0,0.34213439378969657,0.0,5.557410967896171e-07,0.0,0.038275845060290685,0.004179014382865762,-0.2250796315896605,0.0,0.0,0.0
568.0,12.535270350950569,-6.240789657380659,0.0,0.0,3.014182167961797e-07,0.0,0.0,-6.582924392025802,20.5794109308,0.0,0.0,0.34213473464514355,0.0,8.283712499141247e-07,0.0,0.038275842586189046,0.004179029404271298,-0.22507963597849578,0.0,0.0,0.0
569.0,12.535268169465565,-6.240788966063633,0.0,0.0,4.011466238345533e-07,0.0,0.0,-6.582924040786749,20.5794109308,0.0,0.0,0.34213507472311644,0.0,1.10244958498479e-06,0.0,0.03827583961570677,0.00417904577380715,-0.225079638058442,0.0,0.0,0.0
570.0,12.53526600688335,-6.240788175613438,0.0,0.0,5.013888770597662e-07,0.0,0.0,-6.582923589561271,20.5794109308,0.0,0.0,0.3421354139478332,0.0,1.3779401893206017e-06,0.0,0.03827583614652612,0.004179063496433252,-0.2250796378161622,0.0,0.0,0.0
571.0,12.535263863650002,-6.2407872855989,0.0,0.0,6.021317508755444e-07,0.0,0.0,-6.582923037842121,20.5794109308,0.0,0.0,0.34213575224322046,0.0,1.6548067151434066e-06,0.0,0.0382758321763965,0.004179082576919721,-0.22507963523861735,0.0,0.0,0.0
572.0,12.535261740211055,-6.240786295602428,0.0,0.0,7.03361862617738e-07,0.0,0.0,-6.5829223851353555,20.5794109308,0.0,0.0,0.34213608953292773,0.0,1.933012382936737e-06,0.0,0.038275827703135167,0.004179103019845046,-0.22507963031306993,0.0,0.0,0.0
573.0,12.53525963701143,-6.240785205220158,0.0,0.0,8.050656738090129e-07,0.0,0.0,-6.582921630960494,20.5794109308,0.0,0.0,0.3421364257403363,0.0,2.2125199848938087e-06,0.0,0.038275822724628025,0.004179124829594205,-0.22507962302708812,0.0,0.0,0.0
574.0,12.535257554495349,-6.240784014062101,0.0,0.0,9.07229491446268e-07,0.0,0.0,-6.582920774850671,20.5794109308,0.0,0.0,0.3421367607885699,0.0,2.4932918884555124e-06,0.0,0.03827581723883029,0.004179148010356876,-0.22507961336854926,0.0,0.0,0.0
575.0,12.535255493106265,-6.240782721752284,0.0,0.0,1.0098394693210155e-06,0.0,0.0,-6.58291981635279,20.5794109308,0.0,0.0,0.34213709460050623,0.0,2.7752900399390426e-06,0.0,0.03827581124376731,0.004179172566125586,-0.22507960132564372,0.0,0.0,0.0
576.0,12.535253453286787,-6.2407813279288895,0.0,0.0,1.112881609373365e-06,0.0,0.0,-6.582918755027677,20.5794109308,0.0,0.0,0.3421374270987876,0.0,3.0584759682589317e-06,0.0,0.03827580473753521,0.004179198500694023,-0.22507958688687865,0.0,0.0,0.0
577.0,12.535251435478601,-6.240779832244399,0.0,0.0,1.2163417630722291e-06,0.0,0.0,-6.582917590450232,20.5794109308,0.0,0.0,0.34213775820583336,0.0,3.3428107887202043e-06,0.0,0.038275797718301634,0.0041792258176551605,-0.22507957004108153,0.0,0.0,0.0
578.0,12.535249440122398,-6.240778234365728,0.0,0.0,1.320205632838129e-06,0.0,0.0,-6.582916322209577,20.5794109308,0.0,0.0,0.3421380878438489,0.0,3.628255206928651e-06,0.0,0.038275790184306456,0.004179254520399578,-0.22507955077740394,0.0,0.0,0.0
579.0,12.53524746765779,-6.240776533974368,0.0,0.0,1.4244587734855194e-06,0.0,0.0,-6.582914949909208,20.5794109308,0.0,0.0,0.34213841593483973,0.0,3.914769522754812e-06,0.0,0.0382757821338625,0.004179284612113823,-0.22507952908532508,0.0,0.0,0.0
580.0,12.535245518523237,-6.240774730766517,0.0,0.0,1.5290865937098982e-06,0.0,0.0,-6.582913473167136,20.5794109308,0.0,0.0,0.3421387424006195,0.0,4.202313634421085e-06,0.0,0.0382757735653562,0.004179316095778554,-0.2250795049546555,0.0,0.0,0.0
581.0,12.53524359315597,-6.240772824453215,0.0,0.0,1.6340743575980444e-06,0.0,0.0,-6.582911891616038,20.5794109308,0.0,0.0,0.3421390671628233,0.0,4.490847042652456e-06,0.0,0.03827576447724829,0.004179348974166955,-0.2250794783755405,0.0,0.0,0.0
582.0,12.535241691991914,-6.240770814760477,0.0,0.0,1.7394071861750439e-06,0.0,0.0,-6.582910204903398,20.5794109308,0.0,0.0,0.34213939014292105,0.0,4.780328854928386e-06,0.0,0.038275754868074524,0.004179383249843224,-0.2250794493384637,0.0,0.0,0.0
583.0,12.535239815465603,-6.240768701429425,0.0,0.0,1.8450700589800255e-06,0.0,0.0,-6.5829084126916495,20.5794109308,0.0,0.0,0.34213971126222464,0.0,5.070717789813656e-06,0.0,0.03827574473644627,0.004179418925160619,-0.22507941783425062,0.0,0.0,0.0
584.0,12.535237964010113,-6.240766484216411,0.0,0.0,1.9510478156778457e-06,0.0,0.0,-6.582906514658317,20.5794109308,0.0,0.0,0.34214003044190644,0.0,5.361972181388064e-06,0.0,0.03827573408105122,0.004179456002260329,-0.225079383854072,0.0,0.0,0.0
585.0,12.535236138056975,-6.240764162893151,0.0,0.0,2.0573251577003593e-06,0.0,0.0,-6.582904510496155,20.5794109308,0.0,0.0,0.3421403476030038,0.0,5.654049983757494e-06,0.0,0.03827572290065404,0.004179494483069382,-0.22507934738944732,0.0,0.0,0.0
586.0,12.5352343380361,-6.240761737246847,0.0,0.0,2.1638866499162346e-06,0.0,0.0,-6.582902399913284,20.5794109308,0.0,0.0,0.34214066266643695,0.0,5.946908775643473e-06,0.0,0.03827571119409701,0.004179534369299576,-0.22507930843224805,0.0,0.0,0.0
587.0,12.535232564375697,-6.24075920708031,0.0,0.0,2.2707167223405704e-06,0.0,0.0,-6.582900182633327,20.5794109308,0.0,0.0,0.3421409755530167,0.0,6.2405057650822e-06,0.0,0.03827569896030065,0.004179575662445631,-0.2250792669747012,0.0,0.0,0.0
588.0,12.535230817502201,-6.240756572212084,0.0,0.0,2.3777996718693735e-06,0.0,0.0,-6.582897858395545,20.5794109308,0.0,0.0,0.34214128618346074,0.0,6.534797794191916e-06,0.0,0.03827568619826433,0.004179618363783888,-0.22507922300939237,0.0,0.0,0.0
589.0,12.535229097840187,-6.240753832476566,0.0,0.0,2.4851196640466634e-06,0.0,0.0,-6.582895426954967,20.5794109308,0.0,0.0,0.3421415944784014,0.0,6.829741344030045e-06,0.0,0.03827567290706694,0.00417966247437071,-0.2250791765292693,0.0,0.0,0.0
590.0,12.535227405812293,-6.24075098772412,0.0,0.0,2.5926607348652546e-06,0.0,0.0,-6.582892888082522,20.5794109308,0.0,0.0,0.34214190035840275,0.0,7.125292539542899e-06,0.0,0.038275659085867435,0.004179707995041151,-0.2250791275276447,0.0,0.0,0.0
591.0,12.535225741839144,-6.2407480378211995,0.0,0.0,2.70040679259731e-06,0.0,0.0,-6.582890241565167,20.5794109308,0.0,0.0,0.3421422037439674,0.0,7.421407154597305e-06,0.0,0.03827564473390546,0.0041797549264074585,-0.22507907599819993,0.0,0.0,0.0
592.0,12.535224106339264,-6.240744982650456,0.0,0.0,2.80834161965421e-06,0.0,0.0,-6.582887487206013,20.5794109308,0.0,0.0,0.3421425045555564,0.0,7.718040617092824e-06,0.0,0.038275629850501966,0.004179803268857807,-0.22507902193498774,0.0,0.0,0.0
593.0,12.535222499729006,-6.2407418221108575,0.0,0.0,2.9164488744825748e-06,0.0,0.0,-6.582884624824451,20.5794109308,0.0,0.0,0.3421428027135933,0.0,8.015148014173404e-06,0.0,0.03827561443505972,0.004179853022554789,-0.22507896533243563,0.0,0.0,0.0
594.0,12.535220922422464,-6.240738556117791,0.0,0.0,3.0247120934864038e-06,0.0,0.0,-6.5828816542562745,20.5794109308,0.0,0.0,0.3421430981384832,0.0,8.312684097510859e-06,0.0,0.03827559848706393,0.004179904187434191,-0.22507890618534865,0.0,0.0,0.0
595.0,12.535219374831403,-6.240735184603179,0.0,0.0,3.1331146929828768e-06,0.0,0.0,-6.582878575353802,20.5794109308,0.0,0.0,0.34214339075062306,0.0,8.610603288680924e-06,0.0,0.0382755820060828,0.004179956763203679,-0.22507884448891266,0.0,0.0,0.0
596.0,12.535217857365165,-6.240731707515579,0.0,0.0,3.241639971185303e-06,0.0,0.0,-6.582875387985994,20.5794109308,0.0,0.0,0.3421436804704152,0.0,8.908859684613976e-06,0.0,0.03827556499176807,0.004180010749341573,-0.22507878023869726,0.0,0.0,0.0
597.0,12.535216370430604,-6.240728124820292,0.0,0.0,3.3502711102239385e-06,0.0,0.0,-6.5828720920385715,20.5794109308,0.0,0.0,0.3421439672182798,0.0,9.207407063149876e-06,0.0,0.038275547443855494,0.00418006614509546,-0.22507871343065855,0.0,0.0,0.0
598.0,12.535214914431995,-6.240724436499463,0.0,0.0,3.4589911781872796e-06,0.0,0.0,-6.58286868741413,20.5794109308,0.0,0.0,0.34214425091466616,0.0,9.506198888649158e-06,0.0,0.03827552936216549,0.004180122949481169,-0.2250786440611423,0.0,0.0,0.0
599.0,12.535213489770959,-6.240720642552183,0.0,0.0,3.567783131199945e-06,0.0,0.0,-6.582865174032253,20.5794109308,0.0,0.0,0.34214453148006996,0.0,9.805188317704824e-06,0.0,0.038275510746603535,0.0041801811612814516,-0.22507857212688637,0.0,0.0,0.0
600.0,12.535212096846383,-6.240716742994581,0.0,0.0,3.6766298155310206e-06,0.0,0.0,-6.582861551829622,20.5794109308,0.0,0.0,0.34214480883504095,0.0,1.01043282049379e-05,0.0,0.03827549159716076,0.004180240779044983,-0.22507849762502397,0.0,0.0,0.0
601.0,12.535210736054337,-6.24071273785993,0.0,0.0,3.7855139697291037e-06,0.0,0.0,-6.58285782076013,20.5794109308,0.0,0.0,0.34214508290019996,0.0,1.0403571108866465e-05,0.0,0.038275471913914394,0.004180301801085071,-0.22507842055308602,0.0,0.0,0.0
602.0,12.535209407787994,-6.240708627198727,0.0,0.0,3.894418226787193e-06,0.0,0.0,-6.58285398079498,20.5794109308,0.0,0.0,0.3421453535962531,0.0,1.0702869297856717e-05,0.0,0.03827545169702826,0.004180364225478725,-0.22507834090900414,0.0,0.0,0.0
603.0,12.535208112437553,-6.240704411078798,0.0,0.0,4.003325116343348e-06,0.0,0.0,-6.582850031922797,20.5794109308,0.0,0.0,0.3421456208439997,0.0,1.1002174756172433e-05,0.0,0.03827543094675326,0.004180428050065438,-0.22507825869111303,0.0,0.0,0.0
604.0,12.535206850390159,-6.240700089585375,0.0,0.0,4.112217066898572e-06,0.0,0.0,-6.582845974149726,20.5794109308,0.0,0.0,0.342145884564351,0.0,1.1301439190071798e-05,0.0,0.03827540966342781,0.00418049327244642,-0.2250781738981532,0.0,0.0,0.0
605.0,12.535205622029816,-6.240695662821191,0.0,0.0,4.221076408076261e-06,0.0,0.0,-6.582841807499532,20.5794109308,0.0,0.0,0.3421461446783409,0.0,1.1600614034018543e-05,0.0,0.03827538784747834,0.00418055988998331,-0.2250780865292736,0.0,0.0,0.0
606.0,12.535204427737314,-6.240691130906561,0.0,0.0,4.3298853729037364e-06,0.0,0.0,-6.582837532013701,20.5794109308,0.0,0.0,0.34214640110714,0.0,1.1899650456953808e-05,0.0,0.038275365499419664,0.004180627899797465,-0.2250779965840339,0.0,0.0,0.0
607.0,12.53520326789015,-6.240686493979463,0.0,0.0,4.438626100124084e-06,0.0,0.0,-6.582833147751532,20.5794109308,0.0,0.0,0.342146653772069,0.0,1.2198499368651379e-05,0.0,0.03827534261985547,0.004180697298768896,-0.22507790406240707,0.0,0.0,0.0
608.0,12.53520214286244,-6.240681752195619,0.0,0.0,4.547280636537184e-06,0.0,0.0,-6.58282865479023,20.5794109308,0.0,0.0,0.3421469025946111,0.0,1.2497111426153178e-05,0.0,0.03827531920947868,0.004180768083535472,-0.22507780896478174,0.0,0.0,0.0
609.0,12.535201053024846,-6.240676905728572,0.0,0.0,4.655830939367031e-06,0.0,0.0,-6.582824053225002,20.5794109308,0.0,0.0,0.34214714749642994,0.0,1.279543704027707e-05,0.0,0.038275295269071904,0.004180840250491993,-0.22507771129196452,0.0,0.0,0.0
610.0,12.535199998744494,-6.240671954769761,0.0,0.0,4.764258878661725e-06,0.0,0.0,-6.582819343169138,20.5794109308,0.0,0.0,0.3421473883993773,0.0,1.309342638221451e-05,0.0,0.03827527079950779,0.004180913795789373,-0.2250776110451823,0.0,0.0,0.0
611.0,12.535198980384894,-6.240666899528591,0.0,0.0,4.87254623971473e-06,0.0,0.0,-6.582814524754103,20.5794109308,0.0,0.0,0.342147625225512,0.0,1.3391029390186698e-05,0.0,0.03827524580174942,0.004180988715333997,-0.22507750822608447,0.0,0.0,0.0
612.0,12.535197998305863,-6.2406617402325075,0.0,0.0,4.980674725520515e-06,0.0,0.0,-6.582809598129616,20.5794109308,0.0,0.0,0.34214785789710866,0.0,1.3688195776195272e-05,0.0,0.038275220276850694,0.00418106500478671,-0.22507740283674504,0.0,0.0,0.0
613.0,12.535197052863442,-6.240656477127058,0.0,0.0,5.088625959252414e-06,0.0,0.0,-6.582804563463735,20.5794109308,0.0,0.0,0.34214808633667637,0.0,1.398487503283411e-05,0.0,0.038275194225956634,0.00418114265956239,-0.22507729487966488,0.0,0.0,0.0
614.0,12.535196144409817,-6.240651110475962,0.0,0.0,5.196381486769183e-06,0.0,0.0,-6.582799420942932,20.5794109308,0.0,0.0,0.34214831046696936,0.0,1.4281016440180064e-05,0.0,0.03827516765030376,0.004181221674828983,-0.2250771843577736,0.0,0.0,0.0
615.0,12.535195273293244,-6.240645640561169,0.0,0.0,5.303922779152611e-06,0.0,0.0,-6.582794170772172,20.5794109308,0.0,0.0,0.342148530211003,0.0,1.4576569072769079e-05,0.0,0.03827514055122044,0.004181302045507165,-0.22507707127443172,0.0,0.0,0.0
616.0,12.535194439857966,-6.24064006768292,0.0,0.0,5.411231235264936e-06,0.0,0.0,-6.582788813174985,20.5794109308,0.0,0.0,0.3421487454920653,0.0,1.487148180662679e-05,0.0,0.03827511293012715,0.004181383766269503,-0.2250769556334325,0.0,0.0,0.0
617.0,12.535193644444135,-6.240634392159804,0.0,0.0,5.51828818433617e-06,0.0,0.0,-6.582783348393536,20.5794109308,0.0,0.0,0.3421489562337321,0.0,1.5165703326381376e-05,0.0,0.03827508478853679,0.004181466831539943,-0.22507683743900378,0.0,0.0,0.0
618.0,12.535192887387735,-6.240628614328814,0.0,0.0,5.625074888578661e-06,0.0,0.0,-6.582777776688697,20.5794109308,0.0,0.0,0.3421491623598829,0.0,1.5459182132451284e-05,0.0,0.03827505612805502,0.004181551235493394,-0.22507671669581003,0.0,0.0,0.0
619.0,12.535192169020503,-6.240622734545395,0.0,0.0,5.731572545827064e-06,0.0,0.0,-6.582772098340107,20.5794109308,0.0,0.0,0.3421493637947117,0.0,1.5751866548302886e-05,0.0,0.038275026950380465,0.004181636972054981,-0.22507659340895383,0.0,0.0,0.0
620.0,12.53519148966985,-6.240616753183499,0.0,0.0,5.837762292202068e-06,0.0,0.0,-6.582766313646241,20.5794109308,0.0,0.0,0.34214956046274203,0.0,1.6043704727773413e-05,0.0,0.03827499725730505,0.0041817240348999,-0.22507646758397787,0.0,0.0,0.0
621.0,12.535190849658788,-6.240610670635624,0.0,0.0,5.943625204799042e-06,0.0,0.0,-6.5827604229244665,20.5794109308,0.0,0.0,0.3421497522888428,0.0,1.6334644662462447e-05,0.0,0.03827496705071418,0.004181812417452732,-0.2250763392268662,0.0,0.0,0.0
622.0,12.535190249305842,-6.240604487312862,0.0,0.0,6.049142304404908e-06,0.0,0.0,-6.5827544265111015,20.5794109308,0.0,0.0,0.3421499391982392,0.0,1.6624634189201017e-05,0.0,0.03827493633258702,0.004181902112887187,-0.22507620834404624,0.0,0.0,0.0
623.0,12.535189688924982,-6.24059820364494,0.0,0.0,6.154294558237411e-06,0.0,0.0,-6.582748324761472,20.5794109308,0.0,0.0,0.3421501211165321,0.0,1.6913620997582308e-05,0.0,0.0382749051049967,0.0041819931141258565,-0.22507607494238996,0.0,0.0,0.0
624.0,12.535189168825545,-6.240591820080256,0.0,0.0,6.259062882711986e-06,0.0,0.0,-6.5827421180499615,20.5794109308,0.0,0.0,0.3421502979697051,0.0,1.7201552637568245e-05,0.0,0.0382748733701105,0.00418208541383959,-0.22507593902921552,0.0,0.0,0.0
625.0,12.535188689312156,-6.240585337085916,0.0,0.0,6.363428146225496e-06,0.0,0.0,-6.58273580677006,20.5794109308,0.0,0.0,0.3421504696841442,0.0,1.748837652714246e-05,0.0,0.03827484113019009,0.004182179004447603,-0.22507580061228866,0.0,0.0,0.0
626.0,12.53518825068465,-6.240578755147764,0.0,0.0,6.467371171972377e-06,0.0,0.0,-6.582729391334414,20.5794109308,0.0,0.0,0.3421506361866502,0.0,1.7774039960052407e-05,0.0,0.038274808387591695,0.0041822738781169405,-0.22507565969982388,0.0,0.0,0.0
627.0,12.535187853238,-6.240572074770415,0.0,0.0,6.570872740779658e-06,0.0,0.0,-6.582722872174868,20.5794109308,0.0,0.0,0.34215079740445287,0.0,1.805849011360335e-05,0.0,0.03827477514476622,0.004182370026762597,-0.22507551630048583,0.0,0.0,0.0
628.0,12.53518749726224,-6.240565296477278,0.0,0.0,6.67391359396412e-06,0.0,0.0,-6.5827162497425045,20.5794109308,0.0,0.0,0.34215095326522604,0.0,1.834167405651324e-05,0.0,0.03827474140425943,0.004182467442047033,-0.2250753704233905,0.0,0.0,0.0
629.0,12.53518718304239,-6.2405584208105855,0.0,0.0,6.776474436216827e-06,0.0,0.0,-6.582709524507684,20.5794109308,0.0,0.0,0.34215110369709834,0.0,1.862353875684285e-05,0.0,0.03827470716871212,0.004182566115380329,-0.22507522207810632,0.0,0.0,0.0
630.0,12.535186910858378,-6.240551448331407,0.0,0.0,6.878535938505043e-06,0.0,0.0,-6.582702696960078,20.5794109308,0.0,0.0,0.34215124862867174,0.0,1.890403108997375e-05,0.0,0.03827467244086016,0.00418266603791996,-0.2250750712746552,0.0,0.0,0.0
631.0,12.53518668098497,-6.240544379619672,0.0,0.0,6.980078741000841e-06,0.0,0.0,-6.582695767608707,20.5794109308,0.0,0.0,0.342151387989035,0.0,1.918309784665961e-05,0.0,0.03827463722353468,0.004182767200570842,-0.22507491802351354,0.0,0.0,0.0
632.0,12.53518649369169,-6.240537215274183,0.0,0.0,7.081083456027632e-06,0.0,0.0,-6.582688736981959,20.5794109308,0.0,0.0,0.34215152170777596,0.0,1.9460685741126867e-05,0.0,0.03827460151966208,0.004182869593985394,-0.22507476233561324,0.0,0.0,0.0
633.0,12.535186349242755,-6.240529955912631,0.0,0.0,7.181530671032168e-06,0.0,0.0,-6.582681605627628,20.5794109308,0.0,0.0,0.3421516497149968,0.0,1.9736741419245336e-05,0.0,0.03827456533226421,0.004182973208563437,-0.22507460422234238,0.0,0.0,0.0
634.0,12.535186247896993,-6.2405226021716,0.0,0.0,7.281400951572798e-06,0.0,0.0,-6.582674374112929,20.5794109308,0.0,0.0,0.34215177194132895,0.0,2.001121146674359e-05,0.0,0.03827452866445832,0.004183078034452392,-0.22507444369554624,0.0,0.0,0.0
635.0,12.535186189907776,-6.240515154706575,0.0,0.0,7.38067484433446e-06,0.0,0.0,-6.582667043024521,20.5794109308,0.0,0.0,0.34215188831794574,0.0,2.028404241749782e-05,0.0,0.03827449151945718,0.004183184061547468,-0.2250742807675279,0.0,0.0,0.0
636.0,12.535186175522945,-6.240507614191946,0.0,0.0,7.4793328801570505e-06,0.0,0.0,-6.582659612968525,20.5794109308,0.0,0.0,0.3421519987765791,0.0,2.055518076185743e-05,0.0,0.038274453900569105,0.004183291279491699,-0.2250741154510487,0.0,0.0,0.0
637.0,12.53518620498474,-6.240499981321008,0.0,0.0,7.5773555770908525e-06,0.0,0.0,-6.582652084570539,20.5794109308,0.0,0.0,0.34215210324953116,0.0,2.082457295504512e-05,0.0,0.03827441581119794,0.004183399677676253,-0.22507394775932932,0.0,0.0,0.0
638.0,12.535186278529723,-6.240492256805957,0.0,0.0,7.674723443467172e-06,0.0,0.0,-6.582644458475648,20.5794109308,0.0,0.0,0.3421522016696912,0.0,2.1092165425598716e-05,0.0,0.03827437725484309,0.004183509245240732,-0.22507377770604975,0.0,0.0,0.0
639.0,12.535186396388715,-6.240484441377884,0.0,0.0,7.771416980988594e-06,0.0,0.0,-6.582636735348429,20.5794109308,0.0,0.0,0.34215229397054525,0.0,2.135790458386694e-05,0.0,0.03827433823509951,0.004183619971073332,-0.22507360530535017,0.0,0.0,0.0
640.0,12.53518655878672,-6.240476535786767,0.0,0.0,7.867416687840942e-06,0.0,0.0,-6.582628915872963,20.5794109308,0.0,0.0,0.34215238008619586,0.0,2.162173683056487e-05,0.0,0.038274298755657625,0.004183731843811309,-0.225073430571831,0.0,0.0,0.0
641.0,12.535186765942857,-6.240468540801458,0.0,0.0,7.96270306181987e-06,0.0,0.0,-6.582621000752831,20.5794109308,0.0,0.0,0.34215245995137344,0.0,2.1883608565369583e-05,0.0,0.03827425882030334,0.004183844851841423,-0.22507325352055327,0.0,0.0,0.0
642.0,12.535187018070294,-6.240460457209667,0.0,0.0,8.057256603479575e-06,0.0,0.0,-6.582612990711117,20.5794109308,0.0,0.0,0.3421525335014497,0.0,2.2143466195576695e-05,0.0,0.03827421843291797,0.004183958983300123,-0.22507307416703906,0.0,0.0,0.0
643.0,12.535187315376172,-6.240452285817946,0.0,0.0,8.151057819292157e-06,0.0,0.0,-6.582604886490399,20.5794109308,0.0,0.0,0.34215260067245357,0.0,2.2401256144786067e-05,0.0,0.03827417759747814,0.004184074226074294,-0.22507289252727133,0.0,0.0,0.0
644.0,12.535187658061542,-6.240444027451664,0.0,0.0,8.244087224835638e-06,0.0,0.0,-6.582596688852748,20.5794109308,0.0,0.0,0.3421526614010837,0.0,2.265692486166635e-05,0.0,0.038274136318055735,0.004184190567801602,-0.22507270861769427,0.0,0.0,0.0
645.0,12.535188046321297,-6.240435682954986,0.0,0.0,8.336325347988138e-06,0.0,0.0,-6.58258839857971,20.5794109308,0.0,0.0,0.3421527156247244,0.0,2.291041882873644e-05,0.0,0.038274094598817705,0.004184307995871148,-0.2250725224552131,0.0,0.0,0.0
646.0,12.535188480344104,-6.240427253190839,0.0,0.0,8.427752732144737e-06,0.0,0.0,-6.582580016472298,20.5794109308,0.0,0.0,0.34215276328145894,0.0,2.3161684571209267e-05,0.0,0.03827405244402605,0.004184426497423968,-0.22507233405719412,0.0,0.0,0.0
647.0,12.535188960312336,-6.24041873904089,0.0,0.0,8.518349939444906e-06,0.0,0.0,-6.582571543350972,20.5794109308,0.0,0.0,0.3421528043100821,0.0,2.3410668665864694e-05,0.0,0.03827400985803758,0.0041845460593538525,-0.22507214344146445,0.0,0.0,0.0
648.0,12.535189486402013,-6.240410141405502,0.0,0.0,8.608097554023319e-06,0.0,0.0,-6.582562980055617,20.5794109308,0.0,0.0,0.34215283865011514,0.0,2.3657317749986568e-05,0.0,0.03827396684530386,0.004184666668307815,-0.2250719506263121,0.0,0.0,0.0
649.0,12.535190058782726,-6.240401461203705,0.0,0.0,8.696976185268336e-06,0.0,0.0,-6.582554327445525,20.5794109308,0.0,0.0,0.34215286624182006,0.0,2.390157853032098e-05,0.0,0.03827392341037096,0.004184788310686985,-0.2250717556304852,0.0,0.0,0.0
650.0,12.535190677617583,-6.240392699373147,0.0,0.0,8.784966471099898e-06,0.0,0.0,-6.582545586399362,20.5794109308,0.0,0.0,0.3421528870262147,0.0,2.4143397792087765e-05,0.0,0.03827387955787926,0.004184910972647352,-0.2250715584731921,0.0,0.0,0.0
651.0,12.535191343063142,-6.240383856870056,0.0,0.0,8.87204908125816e-06,0.0,0.0,-6.5825367578151415,20.5794109308,0.0,0.0,0.3421529009450852,0.0,2.438272240802157e-05,0.0,0.03827383529256332,0.00418503464010056,-0.22507135917410054,0.0,0.0,0.0
652.0,12.53519205526934,-6.240374934669192,0.0,0.0,8.958204720609881e-06,0.0,0.0,-6.58252784261019,20.5794109308,0.0,0.0,0.3421529079409984,0.0,2.4619499347461684e-05,0.0,0.03827379061925157,0.004185159298714797,-0.22507115775333736,0.0,0.0,0.0
653.0,12.535192814379444,-6.240365933763793,0.0,0.0,9.043414132466067e-06,0.0,0.0,-6.58251884172111,20.5794109308,0.0,0.0,0.3421529079573169,0.0,2.485367568547282e-05,0.0,0.03827374554286615,0.004185284933915692,-0.22507095423148787,0.0,0.0,0.0
654.0,12.535193620529983,-6.240356855165525,0.0,0.0,9.127658101910053e-06,0.0,0.0,-6.58250975610374,20.5794109308,0.0,0.0,0.34215290093821427,0.0,2.5085198611994524e-05,0.0,0.0382737000684226,0.004185411530887265,-0.22507074862959503,0.0,0.0,0.0
655.0,12.535194473850682,-6.240347699904422,0.0,0.0,9.210917459143328e-06,0.0,0.0,-6.582500586733111,20.5794109308,0.0,0.0,0.3421528868286883,0.0,2.5314015441039383e-05,0.0,0.0382736542010296,0.004185539074572961,-0.2250705409691589,0.0,0.0,0.0
656.0,12.535195374464413,-6.240338469028829,0.0,0.0,9.29317308283763e-06,0.0,0.0,-6.582491334603399,20.5794109308,0.0,0.0,0.3421528655745707,0.0,2.5540073619908404e-05,0.0,0.038273607945888695,0.0041856675496766554,-0.22507033127213566,0.0,0.0,0.0
657.0,12.535196322487124,-6.240329163605332,0.0,0.0,9.37440590350501e-06,0.0,0.0,-6.58248200072788,20.5794109308,0.0,0.0,0.34215283712254774,0.0,2.5763320738455815e-05,0.0,0.03827356130829399,0.004185796940663733,-0.22507011956093664,0.0,0.0,0.0
658.0,12.53519731802779,-6.240319784718699,0.0,0.0,9.454596906872149e-06,0.0,0.0,-6.5824725861388655,20.5794109308,0.0,0.0,0.34215280142016624,0.0,2.598370453836549e-05,0.0,0.038273514293631836,0.004185927231762324,-0.22506990585842745,0.0,0.0,0.0
659.0,12.535198361188348,-6.240310333471805,0.0,0.0,9.533727137271146e-06,0.0,0.0,-6.582463091887657,20.5794109308,0.0,0.0,0.34215275841585235,0.0,2.6201172922472598e-05,0.0,0.03827346690738045,0.00418605840696433,-0.225069690187927,0.0,0.0,0.0
660.0,12.535199452063646,-6.240300810985557,0.0,0.0,9.611777701034907e-06,0.0,0.0,-6.58245351904448,20.5794109308,0.0,0.0,0.34215270805892306,0.0,2.6415673964097954e-05,0.0,0.03827341915510961,0.004186190450026703,-0.225069472573206,0.0,0.0,0.0
661.0,12.53520059074138,-6.240291218398822,0.0,0.0,9.688729769906642e-06,0.0,0.0,-6.582443868698421,20.5794109308,0.0,0.0,0.3421526502995995,0.0,2.6627155916421038e-05,0.0,0.03827337104248025,0.004186323344472845,-0.22506925303848613,0.0,0.0,0.0
662.0,12.535201777302047,-6.240281556868341,0.0,0.0,9.764564584455776e-06,0.0,0.0,-6.58243414195736,20.5794109308,0.0,0.0,0.3421525850890186,0.0,2.683556722187065e-05,0.0,0.038273322575244115,0.004186457073593677,-0.22506903160843839,0.0,0.0,0.0
663.0,12.535203011818883,-6.24027182756865,0.0,0.0,9.839263457503298e-06,0.0,0.0,-6.5824243399479005,20.5794109308,0.0,0.0,0.3421525123792506,0.0,2.704085652154145e-05,0.0,0.03827327375924328,0.004186591620449237,-0.225068808308182,0.0,0.0,0.0
664.0,12.535204294357813,-6.240262031691989,0.0,0.0,9.912807777555261e-06,0.0,0.0,-6.582414463815297,20.5794109308,0.0,0.0,0.34215243212330826,0.0,2.7242972664632896e-05,0.0,0.038273224600409814,0.004186726967869925,-0.22506858316328268,0.0,0.0,0.0
665.0,12.535205624977397,-6.2402521704482155,0.0,0.0,9.985179012243817e-06,0.0,0.0,-6.582404514723375,20.5794109308,0.0,0.0,0.34215234427515995,0.0,2.744186471790883e-05,0.0,0.03827317510476528,0.004186863098457991,-0.2250683561997513,0.0,0.0,0.0
666.0,12.535207003728779,-6.240242245064707,0.0,0.0,1.0056358711774522e-05,0.0,0.0,-6.582394493854452,20.5794109308,0.0,0.0,0.3421522487897457,0.0,2.7637481975174266e-05,0.0,0.038273125278420285,0.004186999994589047,-0.22506812744404203,0.0,0.0,0.0
667.0,12.535208430655635,-6.240232256786266,0.0,0.0,1.0126328512381256e-05,0.0,0.0,-6.582384402409253,20.5794109308,0.0,0.0,0.342152145622987,0.0,2.7829773966773057e-05,0.0,0.038273075127574066,0.004187137638413621,-0.2250678969230508,0.0,0.0,0.0
668.0,12.535209905794122,-6.24022220687502,0.0,0.0,1.019507013978714e-05,0.0,0.0,-6.58237424160682,20.5794109308,0.0,0.0,0.3421520347317992,0.0,2.8018690469102017e-05,0.0,0.03827302465851392,0.004187276011858712,-0.22506766466411354,0.0,0.0,0.0
669.0,12.535211429172834,-6.240212096610316,0.0,0.0,1.0262565412670393e-05,0.0,0.0,-6.582364012684425,20.5794109308,0.0,0.0,0.34215191607410933,0.0,2.8204181514138575e-05,0.0,0.038272973877614726,0.004187415096629371,-0.22506743069500407,0.0,0.0,0.0
670.0,12.535213000812748,-6.240201927288613,0.0,0.0,1.0328796246133613e-05,0.0,0.0,-6.582353716897475,20.5794109308,0.0,0.0,0.34215178960886217,0.0,2.8386197398977758e-05,0.0,0.03827292279133845,0.004187554874210547,-0.22506719504393238,0.0,0.0,0.0
671.0,12.535214620727176,-6.240191700223373,0.0,0.0,1.0393744655180971e-05,0.0,0.0,-6.582343355519409,20.5794109308,0.0,0.0,0.3421516552960364,0.0,2.8564688695390917e-05,0.0,0.03827287140623356,0.004187695325868629,-0.22506695773954238,0.0,0.0,0.0
672.0,12.535216288921726,-6.240181416744945,0.0,0.0,1.0457392758195797e-05,0.0,0.0,-6.582332929841601,20.5794109308,0.0,0.0,0.34215151309665615,0.0,2.8739606259385444e-05,0.0,0.0382728197289345,0.004187836432653205,-0.22506671881091006,0.0,0.0,0.0
673.0,12.535218005394247,-6.240171078200451,0.0,0.0,1.0519722780424477e-05,0.0,0.0,-6.582322441173254,20.5794109308,0.0,0.0,0.34215136297280324,0.0,2.891090124078183e-05,0.0,0.0382727677661611,0.004187978175399065,-0.22506647828754095,0.0,0.0,0.0
674.0,12.535219770134793,-6.24016068595366,0.0,0.0,1.058071705746173e-05,0.0,0.0,-6.582311890841289,20.5794109308,0.0,0.0,0.34215120488762985,0.0,2.9078525092794365e-05,0.0,0.038272715524717976,0.004188120534727849,-0.2250662361993681,0.0,0.0,0.0
675.0,12.535221583125576,-6.2401502413848675,0.0,0.0,1.0640358038738522e-05,0.0,0.0,-6.582301280190238,20.5794109308,0.0,0.0,0.3421510388053708,0.0,2.9242429581619143e-05,0.0,0.03827266301149393,0.004188263491050032,-0.22506599257674959,0.0,0.0,0.0
676.0,12.535223444340922,-6.240139745890769,0.0,0.0,1.0698628291008162e-05,0.0,0.0,-6.582290610582123,20.5794109308,0.0,0.0,0.34215086469135425,0.0,2.9402566796016918e-05,0.0,0.03827261023346133,0.004188407024566909,-0.22506574745046604,0.0,0.0,0.0
677.0,12.535225353747231,-6.240129200884324,0.0,0.0,1.0755510501841207e-05,0.0,0.0,-6.582279883396338,20.5794109308,0.0,0.0,0.3421506825120142,0.0,2.955888915692015e-05,0.0,0.03827255719767546,0.00418855111527254,-0.2250655008517182,0.0,0.0,0.0
678.0,12.535227311302942,-6.240118607794627,0.0,0.0,1.0810987483114047e-05,0.0,0.0,-6.582269100029531,20.5794109308,0.0,0.0,0.3421504922349037,0.0,2.971134942702262e-05,0.0,0.03827250391127384,0.004188695742955745,-0.22506525281212425,0.0,0.0,0.0
679.0,12.535229316958482,-6.240107968066766,0.0,0.0,1.0865042174499255e-05,0.0,0.0,-6.58225826189547,20.5794109308,0.0,0.0,0.34215029382870377,0.0,2.98599007203738e-05,0.0,0.03827245038147559,0.004188840887202297,-0.2250650033637171,0.0,0.0,0.0
680.0,12.53523137065624,-6.240097283161685,0.0,0.0,1.0917657646959025e-05,0.0,0.0,-6.5822473704249225,20.5794109308,0.0,0.0,0.3421500872632377,0.0,3.000449651198168e-05,0.0,0.03827239661558068,0.004188986527396882,-0.2250647525389416,0.0,0.0,0.0
681.0,12.535233472330523,-6.240086554556034,0.0,0.0,1.0968817106231795e-05,0.0,0.0,-6.582236427065515,20.5794109308,0.0,0.0,0.3421498725094816,0.0,3.0145090647396738e-05,0.0,0.03827234262096927,0.004189132642725482,-0.22506450037065184,0.0,0.0,0.0
682.0,12.535235621907521,-6.240075783742027,0.0,0.0,1.1018503896321165e-05,0.0,0.0,-6.582225433281601,20.5794109308,0.0,0.0,0.34214964953957416,0.0,3.0281637352302222e-05,0.0,0.03827228840510095,0.004189279212177377,-0.2250642468921079,0.0,0.0,0.0
683.0,12.535237819305275,-6.240064972227288,0.0,0.0,1.10667015029817e-05,0.0,0.0,-6.582214390554118,20.5794109308,0.0,0.0,0.3421494183268301,0.0,3.0414091242095717e-05,0.0,0.038272233975514006,0.004189426214547501,-0.22506399213697312,0.0,0.0,0.0
684.0,12.535240064433637,-6.240054121534698,0.0,0.0,1.1113393557200635e-05,0.0,0.0,-6.582203300380447,20.5794109308,0.0,0.0,0.3421491788457498,0.0,3.054240733145943e-05,0.0,0.038272179339824644,0.004189573628438845,-0.2250637361393108,0.0,0.0,0.0
685.0,12.535242357194246,-6.240043233202232,0.0,0.0,1.1158563838678569e-05,0.0,0.0,-6.582192164274264,20.5794109308,0.0,0.0,0.3421489310720318,0.0,3.066654104392757e-05,0.0,0.03827212450572622,0.004189721432264593,-0.22506347893358103,0.0,0.0,0.0
686.0,12.535244697480488,-6.240032308782805,0.0,0.0,1.1202196279303919e-05,0.0,0.0,-6.582180983765386,20.5794109308,0.0,0.0,0.34214867498258084,0.0,3.078644822143654e-05,0.0,0.03827206948098845,0.004189869604250676,-0.22506322055463754,0.0,0.0,0.0
687.0,12.535247085177472,-6.2400213498441035,0.0,0.0,1.1244274966624252e-05,0.0,0.0,-6.5821697603996245,20.5794109308,0.0,0.0,0.34214841055552103,0.0,3.090208513386645e-05,0.0,0.03827201427345656,0.004190018122438147,-0.22506296103772422,0.0,0.0,0.0
688.0,12.535249520161997,-6.2400103579684165,0.0,0.0,1.1284784147310834e-05,0.0,0.0,-6.582158495738623,20.5794109308,0.0,0.0,0.3421481377702067,0.0,3.101340848856387e-05,0.0,0.03827195889105052,0.004190166964685646,-0.22506270041847165,0.0,0.0,0.0
689.0,12.535252002302526,-6.239999334752468,0.0,0.0,1.1323708230619678e-05,0.0,0.0,-6.582147191359698,20.5794109308,0.0,0.0,0.34214785660723024,0.0,3.112037543985494e-05,0.0,0.03827190334176411,0.0041903161086719876,-0.22506243873289372,0.0,0.0,0.0
690.0,12.535254531459156,-6.239988281807237,0.0,0.0,1.1361031791845784e-05,0.0,0.0,-6.582135848855671,20.5794109308,0.0,0.0,0.34214756704843374,0.0,3.122294359853961e-05,0.0,0.03827184763366416,0.004190465531898613,-0.22506217601738385,0.0,0.0,0.0
691.0,12.535257107483599,-6.239977200757787,0.0,0.0,1.1396739575768849e-05,0.0,0.0,-6.582124469834708,20.5794109308,0.0,0.0,0.3421472690769214,0.0,3.132107104136241e-05,0.0,0.038271791774889555,0.004190615211692408,-0.22506191230871153,0.0,0.0,0.0
692.0,12.535259730219149,-6.239966093243076,0.0,0.0,1.1430816500091094e-05,0.0,0.0,-6.582113055920142,20.5794109308,0.0,0.0,0.3421469626770657,0.0,3.141471632046142e-05,0.0,0.03827173577365042,0.004190765125208051,-0.22506164764401831,0.0,0.0,0.0
693.0,12.535262399500665,-6.239954960915781,0.0,0.0,1.1463247658869637e-05,0.0,0.0,-6.582101608750299,20.5794109308,0.0,0.0,0.3421466478345181,0.0,3.1503838472802135e-05,0.0,0.038271679638227175,0.004190915249430993,-0.22506138206081408,0.0,0.0,0.0
694.0,12.535265115154548,-6.239943805442102,0.0,0.0,1.149401832594119e-05,0.0,0.0,-6.582090129978323,20.5794109308,0.0,0.0,0.3421463245362215,0.0,3.158839702959024e-05,0.0,0.03827162337696959,0.004191065561180027,-0.22506111559697306,0.0,0.0,0.0
695.0,12.535267876998716,-6.239932628501577,0.0,0.0,1.15231139583305e-05,0.0,0.0,-6.582078621271994,20.5794109308,0.0,0.0,0.34214599277041735,0.0,3.1668352025639476e-05,0.0,0.038271566998295904,0.004191216037110201,-0.22506084829073,0.0,0.0,0.0
696.0,12.535270684842592,-6.239921431786884,0.0,0.0,1.1550520199657313e-05,0.0,0.0,-6.58206708431354,20.5794109308,0.0,0.0,0.3421456525266553,0.0,3.174366400873546e-05,0.0,0.03827151051069172,0.004191366653715473,-0.2250605801806757,0.0,0.0,0.0
697.0,12.535273538487077,-6.239910217003648,0.0,0.0,1.1576222883526575e-05,0.0,0.0,-6.582055520799449,20.5794109308,0.0,0.0,0.3421453037958013,0.0,3.181429404895325e-05,0.0,0.03827145392270919,0.004191517387331756,-0.22506031130575327,0.0,0.0,0.0
698.0,12.535276437724542,-6.2398989858702345,0.0,0.0,1.1600208036911715e-05,0.0,0.0,-6.582043932440285,20.5794109308,0.0,0.0,0.3421449465700501,0.0,3.188020374795585e-05,0.0,0.03827139724296593,0.00419166821413966,-0.22506004170525346,0.0,0.0,0.0
699.0,12.535279382338803,-6.239887740117549,0.0,0.0,1.162246188352153e-05,0.0,0.0,-6.58203232096048,20.5794109308,0.0,0.0,0.3421445808429313,0.0,3.1941355248247544e-05,0.0,0.03827134048014397,0.004191819110167583,-0.2250597714188107,0.0,0.0,0.0
700.0,12.535282372105115,-6.239876481488829,0.0,0.0,1.1642970847161086e-05,0.0,0.0,-6.582020688098147,20.5794109308,0.0,0.0,0.3421442066093183,0.0,3.1997711242410615e-05,0.0,0.03827128364298882,0.004191970051294638,-0.22505950048639833,0.0,0.0,0.0
701.0,12.535285406790154,-6.239865211739435,0.0,0.0,1.166172155507487e-05,0.0,0.0,-6.582009035604873,20.5794109308,0.0,0.0,0.3421438238654382,0.0,3.2049234982293265e-05,0.0,0.03827122674030835,0.004192121013253683,-0.22505922894832442,0.0,0.0,0.0
702.0,12.535288486152005,-6.239853932636634,0.0,0.0,1.1678700841275663e-05,0.0,0.0,-6.581997365245513,20.5794109308,0.0,0.0,0.34214343260887947,0.0,3.2095890288158133e-05,0.0,0.038271169780971746,0.004192271971634409,-0.22505895684522698,0.0,0.0,0.0
703.0,12.535291609940154,-6.239842645959386,0.0,0.0,1.169389574986301e-05,0.0,0.0,-6.581985678797985,20.5794109308,0.0,0.0,0.3421430328385995,0.0,3.2137641557802096e-05,0.0,0.038271112773908475,0.004192422901886442,-0.2250586842180693,0.0,0.0,0.0
704.0,12.535294777895478,-6.239831353498123,0.0,0.0,1.1707293538324813e-05,0.0,0.0,-6.581973978053056,20.5794109308,0.0,0.0,0.34214262455493305,0.0,3.217445377562965e-05,0.0,0.03827105572810711,0.004192573779322542,-0.2250584111081354,0.0,0.0,0.0
705.0,12.535297989750237,-6.239820057054525,0.0,0.0,1.1718881680825276e-05,0.0,0.0,-6.581962264814126,20.5794109308,0.0,0.0,0.34214220775960147,0.0,3.220629252168857e-05,0.0,0.038270998652614276,0.004192724579121732,-0.22505813755702503,0.0,0.0,0.0
706.0,12.535301245228068,-6.239808758441295,0.0,0.0,1.1728647871471452e-05,0.0,0.0,-6.581950540897013,20.5794109308,0.0,0.0,0.3421417824557187,0.0,3.223312398064672e-05,0.0,0.03827094155653354,0.004192875276332608,-0.22505786360664878,0.0,0.0,0.0
707.0,12.535304544043974,-6.239797459481929,0.0,0.0,1.173658002756924e-05,0.0,0.0,-6.58193880812973,20.5794109308,0.0,0.0,0.3421413486478011,0.0,3.225491495073978e-05,0.0,0.03827088444902419,0.0041930258458765385,-0.22505758929922323,0.0,0.0,0.0
708.0,12.535307885904334,-6.239786162010488,0.0,0.0,1.1742666292860768e-05,0.0,0.0,-6.5819270683522575,20.5794109308,0.0,0.0,0.3421409063417693,0.0,3.227163285266759e-05,0.0,0.03827082733930017,0.004193176262551002,-0.2250573146772658,0.0,0.0,0.0
709.0,12.535311270506885,-6.239774867871356,0.0,0.0,1.1746895040739853e-05,0.0,0.0,-6.581915323416319,20.5794109308,0.0,0.0,0.3421404555449632,0.0,3.2283245738430244e-05,0.0,0.038270770236628844,0.004193326501033018,-0.2250570397835897,0.0,0.0,0.0
710.0,12.53531469754073,-6.239763578919007,0.0,0.0,1.1749254877454724e-05,0.0,0.0,-6.581903575185149,20.5794109308,0.0,0.0,0.342139996266142,0.0,3.228972230012896e-05,0.0,0.03827071315032985,0.004193476535882437,-0.2250567646612986,0.0,0.0,0.0
711.0,12.53531816668634,-6.239752297017761,0.0,0.0,1.1749734645287478e-05,0.0,0.0,-6.581891825533257,20.5794109308,0.0,0.0,0.3421395285154958,0.0,3.229103187870302e-05,0.0,0.038270656089773855,0.004193626341545437,-0.22505648935378136,0.0,0.0,0.0
712.0,12.535321677615546,-6.239741024041541,0.0,0.0,1.1748323425715256e-05,0.0,0.0,-6.581880076346191,20.5794109308,0.0,0.0,0.3421390523046499,0.0,3.228714447261619e-05,0.0,0.03827059906438138,0.0041937758923579205,-0.22505621390470693,0.0,0.0,0.0
713.0,12.535325229991551,-6.239729761873626,0.0,0.0,1.1745010542551131e-05,0.0,0.0,-6.581868329520296,20.5794109308,0.0,0.0,0.3421385676466704,0.0,3.22780307464874e-05,0.0,0.03827054208362152,0.004193925162549142,-0.22505593835801851,0.0,0.0,0.0
714.0,12.535328823468936,-6.239718512406401,0.0,0.0,1.1739785565063646e-05,0.0,0.0,-6.581856586962473,20.5794109308,0.0,0.0,0.3421380745560727,0.0,3.2263662039662565e-05,0.0,0.03827048515701073,0.004194074126245104,-0.22505566275792832,0.0,0.0,0.0
715.0,12.535332457693654,-6.239707277541102,0.0,0.0,1.1732638311072537e-05,0.0,0.0,-6.581844850589928,20.5794109308,0.0,0.0,0.3421375730488254,0.0,3.224401037472083e-05,0.0,0.03827042829411158,0.0041942227574723046,-0.2250553871489119,0.0,0.0,0.0
716.0,12.535336132303051,-6.239696059187564,0.0,0.0,1.1723558850028272e-05,0.0,0.0,-6.581833122329923,20.5794109308,0.0,0.0,0.34213706314235903,0.0,3.221904846593626e-05,0.0,0.0382703715045314,0.004194371030161195,-0.22505511157570257,0.0,0.0,0.0
717.0,12.535339846925867,-6.239684859263956,0.0,0.0,1.1712537506061201e-05,0.0,0.0,-6.581821404119525,20.5794109308,0.0,0.0,0.34213654485556866,0.0,3.2188749727655844e-05,0.0,0.03827031479792107,0.004194518918149925,-0.22505483608328541,0.0,0.0,0.0
718.0,12.535343601182248,-6.239673679696528,0.0,0.0,1.1699564861014555e-05,0.0,0.0,-6.5818096979053475,20.5794109308,0.0,0.0,0.34213601820881934,0.0,3.2153088282632996e-05,0.0,0.03827025818397368,0.004194666395188104,-0.22505456071689184,0.0,0.0,0.0
719.0,12.535347394683761,-6.239662522419338,0.0,0.0,1.1684631757443588e-05,0.0,0.0,-6.581798005643292,20.5794109308,0.0,0.0,0.34213548322395404,0.0,3.2112038970267944e-05,0.0,0.03827020167242317,0.00419481343494027,-0.22505428552199336,0.0,0.0,0.0
720.0,12.535351227033402,-6.239651389373991,0.0,0.0,1.1667729301602596e-05,0.0,0.0,-6.5817863292982866,20.5794109308,0.0,0.0,0.34213493992429544,0.0,3.2065577354814584e-05,0.0,0.03827014527304309,0.004194960010989998,-0.22505401054429597,0.0,0.0,0.0
721.0,12.535355097825613,-6.239640282509367,0.0,0.0,1.1648848866395901e-05,0.0,0.0,-6.581774670844019,20.5794109308,0.0,0.0,0.34213438833465215,0.0,3.201367973348828e-05,0.0,0.03827008899564514,0.0041951060968433845,-0.22505373582973381,0.0,0.0,0.0
722.0,12.5353590066463,-6.239629203781345,0.0,0.0,1.1627982094306206e-05,0.0,0.0,-6.5817630322626695,20.5794109308,0.0,0.0,0.3421338284813249,0.0,3.195632314451126e-05,0.0,0.038270032850077906,0.004195251665933097,-0.22505346142446317,0.0,0.0,0.0
723.0,12.535362953072843,-6.239618155152534,0.0,0.0,1.1605120900298563e-05,0.0,0.0,-6.581751415544641,20.5794109308,0.0,0.0,0.34213326039210745,0.0,3.1893485375090944e-05,0.0,0.0382699768462254,0.004195396691622139,-0.2250531873748564,0.0,0.0,0.0
724.0,12.535366936674128,-6.239607138591989,0.0,0.0,1.158025747469484e-05,0.0,0.0,-6.581739822688283,20.5794109308,0.0,0.0,0.3421326840962937,0.0,3.1825144969317e-05,0.0,0.038269920994005696,0.004195541147207743,-0.2250529137274956,0.0,0.0,0.0
725.0,12.535370957010558,-6.239596156074936,0.0,0.0,1.1553384286021391e-05,0.0,0.0,-6.581728255699615,20.5794109308,0.0,0.0,0.3421320996246795,0.0,3.1751281235984704e-05,0.0,0.038269865303369587,0.004195685005925362,-0.22505264052916632,0.0,0.0,0.0
726.0,12.535375013634075,-6.239585209582483,0.0,0.0,1.1524494083826053e-05,0.0,0.0,-6.581716716592052,20.5794109308,0.0,0.0,0.34213150700956874,0.0,3.167187425633384e-05,0.0,0.03826980978429906,0.004195828240952548,-0.22505236782685117,0.0,0.0,0.0
727.0,12.535379106088188,-6.239574301101338,0.0,0.0,1.1493579901469075e-05,0.0,0.0,-6.581705207386111,20.5794109308,0.0,0.0,0.3421309062847735,0.0,3.158690489171585e-05,0.0,0.03826975444680594,0.004195970825413051,-0.22505209566772344,0.0,0.0,0.0
728.0,12.535383233907995,-6.239563432623519,0.0,0.0,1.1460635058881195e-05,0.0,0.0,-6.581693730109139,20.5794109308,0.0,0.0,0.3421302974856202,0.0,3.149635479117056e-05,0.0,0.03826969930093043,0.004196112732380741,-0.22505182409914037,0.0,0.0,0.0
729.0,12.53538739662021,-6.239552606146064,0.0,0.0,1.1425653165295269e-05,0.0,0.0,-6.581682286795014,20.5794109308,0.0,0.0,0.34212968064895044,0.0,3.140020639893013e-05,0.0,0.03826964435673962,0.004196253934883751,-0.22505155316863693,0.0,0.0,0.0
730.0,12.535391593743194,-6.239541823670735,0.0,0.0,1.1388628121942412e-05,0.0,0.0,-6.581670879483862,20.5794109308,0.0,0.0,0.34212905581312647,0.0,3.129844296182533e-05,0.0,0.03826958962432609,0.004196394405908507,-0.2250512829239188,0.0,0.0,0.0
731.0,12.535395824786978,-6.239531087203726,0.0,0.0,1.1349554124720334e-05,0.0,0.0,-6.581659510221758,20.5794109308,0.0,0.0,0.3421284230180319,0.0,3.119104853661531e-05,0.0,0.03826953511380635,0.004196534118403927,-0.22505101341285583,0.0,0.0,0.0
732.0,12.5354000892533,-6.239520398755363,0.0,0.0,1.1308425666826947e-05,0.0,0.0,-6.581648181060436,20.5794109308,0.0,0.0,0.3421277823050737,0.0,3.107800799722175e-05,0.0,0.038269480835319364,0.004196673045285468,-0.2250507446834753,0.0,0.0,0.0
733.0,12.535404386635639,-6.239509760339799,0.0,0.0,1.1265237541363347e-05,0.0,0.0,-6.5816368940569845,20.5794109308,0.0,0.0,0.3421271337171854,0.0,3.095930704187882e-05,0.0,0.03826942679902509,0.004196811159439415,-0.225050476783955,0.0,0.0,0.0
734.0,12.535408716419237,-6.23949917397472,0.0,0.0,1.1219984843901154e-05,0.0,0.0,-6.581625651273548,20.5794109308,0.0,0.0,0.3421264772988275,0.0,3.083493220018496e-05,0.0,0.03826937301510293,0.004196948433726921,-0.22505020976261633,0.0,0.0,0.0
735.0,12.535413078081152,-6.2394886416810325,0.0,0.0,1.1172662975017378e-05,0.0,0.0,-6.581614454777024,20.5794109308,0.0,0.0,0.34212581309599166,0.0,3.070487084006542e-05,0.0,0.038269319493750155,0.004197084840988491,-0.22504994366791728,0.0,0.0,0.0
736.0,12.535417471090282,-6.2394781654825575,0.0,0.0,1.1123267642793577e-05,0.0,0.0,-6.581603306638756,20.5794109308,0.0,0.0,0.3421251411561981,0.0,3.056911117463644e-05,0.0,0.038269266245180435,0.004197220354047973,-0.2250496785484455,0.0,0.0,0.0
737.0,12.53542189490741,-6.239467747405722,0.0,0.0,1.1071794865281156e-05,0.0,0.0,-6.581592208934223,20.5794109308,0.0,0.0,0.34212446152850173,0.0,3.042764226897631e-05,0.0,0.03826921327962226,0.004197354945717102,-0.22504941445291118,0.0,0.0,0.0
738.0,12.53542634898524,-6.239457389479244,0.0,0.0,1.1018240972929236e-05,0.0,0.0,-6.581581163742733,20.5794109308,0.0,0.0,0.34212377426348883,0.0,3.0280454046793522e-05,0.0,0.03826916060731733,0.004197488588799633,-0.22504915143013982,0.0,0.0,0.0
739.0,12.535430832768444,-6.239447093733823,0.0,0.0,1.0962602610978105e-05,0.0,0.0,-6.581570173147104,20.5794109308,0.0,0.0,0.34212307941328124,0.0,3.0127537297000055e-05,0.0,0.03826910823851906,0.004197621256095782,-0.22504888952906502,0.0,0.0,0.0
740.0,12.535435345693699,-6.239436862201817,0.0,0.0,1.0904876741813165e-05,0.0,0.0,-6.581559239233351,20.5794109308,0.0,0.0,0.3421223770315338,0.0,2.996888368017618e-05,0.0,0.03826905618349091,0.0041977529204065556,-0.2250486287987213,0.0,0.0,0.0
741.0,12.535439887189739,-6.239426696916932,0.0,0.0,1.0845060647284544e-05,0.0,0.0,-6.5815483640903665,20.5794109308,0.0,0.0,0.3421216671734344,0.0,2.980448573494065e-05,0.0,0.03826900445250484,0.004197883554538179,-0.22504836928823663,0.0,0.0,0.0
742.0,12.535444456677393,-6.239416599913895,0.0,0.0,1.078315193098371e-05,0.0,0.0,-6.5815375498096005,20.5794109308,0.0,0.0,0.34212094989570563,0.0,2.9634336884202678e-05,0.0,0.0382689530558397,0.004198013131306411,-0.2250481110468252,0.0,0.0,0.0
743.0,12.535449053569641,-6.239406573228133,0.0,0.0,1.0719148520486281e-05,0.0,0.0,-6.581526798484739,20.5794109308,0.0,0.0,0.3421202252566058,0.0,2.9458431441320914e-05,0.0,0.038268902003779554,0.004198141623541221,-0.22504785412377995,0.0,0.0,0.0
744.0,12.535453677271658,-6.2393966188954515,0.0,0.0,1.0653048669552713e-05,0.0,0.0,-6.581516112211377,20.5794109308,0.0,0.0,0.3421194933159253,0.0,2.9276764616146547e-05,0.0,0.03826885130661213,0.00419826900409094,-0.22504759856846474,0.0,0.0,0.0
745.0,12.53545832718087,-6.239386738951703,0.0,0.0,1.0584850960290567e-05,0.0,0.0,-6.58150549308669,20.5794109308,0.0,0.0,0.3421187541349866,0.0,2.90893325209607e-05,0.0,0.03826880097462713,0.004198395245827005,-0.2250473444303073,0.0,0.0,0.0
746.0,12.535463002686997,-6.239376935432463,0.0,0.0,1.0514554305273265e-05,0.0,0.0,-6.581494943209108,20.5794109308,0.0,0.0,0.34211800777664525,0.0,2.8896132176292185e-05,0.0,0.038268751018114576,0.004198520321648427,-0.22504709175879128,0.0,0.0,0.0
747.0,12.53546770317212,-6.2393672103726985,0.0,0.0,1.044215794962099e-05,0.0,0.0,-6.581484464677983,20.5794109308,0.0,0.0,0.3421172543052844,0.0,2.869716151663111e-05,0.0,0.0382687014473632,0.004198644204486124,-0.22504684060344862,0.0,0.0,0.0
748.0,12.535472428010728,-6.239357565806434,0.0,0.0,1.0367661473039162e-05,0.0,0.0,-6.581474059593253,20.5794109308,0.0,0.0,0.3421164937868193,0.0,2.8492419396025772e-05,0.0,0.038268652272658715,0.004198766867307802,-0.22504659101385205,0.0,0.0,0.0
749.0,12.535477176569774,-6.239348003766421,0.0,0.0,1.0291064791814212e-05,0.0,0.0,-6.581463730055109,20.5794109308,0.0,0.0,0.34211572628868847,0.0,2.828190559356217e-05,0.0,0.03826860350428215,0.004198888283122232,-0.22504634303960697,0.0,0.0,0.0
750.0,12.535481948208743,-6.2393385262838,0.0,0.0,1.0212368160765478e-05,0.0,0.0,-6.581453478163657,20.5794109308,0.0,0.0,0.3421149518798572,0.0,2.8065620818722767e-05,0.0,0.03826855515250824,0.004199008424983983,-0.22504609673034387,0.0,0.0,0.0
751.0,12.535486742279701,-6.239329135387765,0.0,0.0,1.013157217515599e-05,0.0,0.0,-6.581443306018577,20.5794109308,0.0,0.0,0.3421141706308122,0.0,2.7843566716632245e-05,0.0,0.0382685072276036,0.004199127265998137,-0.22504585213571054,0.0,0.0,0.0
752.0,12.535491558127365,-6.239319833105222,0.0,0.0,1.0048677772557063e-05,0.0,0.0,-6.581433215718783,20.5794109308,0.0,0.0,0.3421133826135607,0.0,2.76157458731762e-05,0.0,0.03826845973982513,0.00419924477932461,-0.22504560930536388,0.0,0.0,0.0
753.0,12.535496395089163,-6.239310621460454,0.0,0.0,9.963686234669518e-06,0.0,0.0,-6.581423209362081,20.5794109308,0.0,0.0,0.34211258790162624,0.0,2.738216182000054e-05,0.0,0.03826841269941827,0.004199360938183169,-0.22504536828896216,0.0,0.0,0.0
754.0,12.5355012524953,-6.239301502474775,0.0,0.0,9.876599189101185e-06,0.0,0.0,-6.58141328904482,20.5794109308,0.0,0.0,0.3421117865700447,0.0,2.7142819039390738e-05,0.0,0.038268366116615236,0.004199475715857839,-0.22504512913615693,0.0,0.0,0.0
755.0,12.53550612966882,-6.239292478166184,0.0,0.0,9.787418611096798e-06,0.0,0.0,-6.58140345686155,20.5794109308,0.0,0.0,0.34211097869536644,0.0,2.6897722969020056e-05,0.0,0.03826832000163337,0.004199589085701658,-0.2250448918965849,0.0,0.0,0.0
756.0,12.53551102592568,-6.239283550549027,0.0,0.0,9.696146825222887e-06,0.0,0.0,-6.581393714904671,20.5794109308,0.0,0.0,0.3421101643556437,0.0,2.6646880006574123e-05,0.0,0.038268274364673345,0.004199701021141408,-0.22504465661985995,0.0,0.0,0.0
757.0,12.535515940574822,-6.239274721633647,0.0,0.0,9.602786507004057e-06,0.0,0.0,-6.581384065264081,20.5794109308,0.0,0.0,0.3421093436304341,0.0,2.6390297514241768e-05,0.0,0.03826822921591744,0.004199811495682382,-0.22504442335556513,0.0,0.0,0.0
758.0,12.535520872918232,-6.239265993426035,0.0,0.0,9.507340684514884e-06,0.0,0.0,-6.581374510026829,20.5794109308,0.0,0.0,0.3421085166007938,0.0,2.6127983823083875e-05,0.0,0.0382681845655278,0.004199920482912942,-0.22504419215324395,0.0,0.0,0.0
759.0,12.535525822251023,-6.239257367927484,0.0,0.0,9.409812739922931e-06,0.0,0.0,-6.581365051276757,20.5794109308,0.0,0.0,0.34210768334927266,0.0,2.5859948237267777e-05,0.0,0.03826814042364468,0.004200027956509381,-0.2250439630623928,0.0,0.0,0.0
760.0,12.535530787861507,-6.239248847134238,0.0,0.0,9.310206410983677e-06,0.0,0.0,-6.5813556910941475,20.5794109308,0.0,0.0,0.3421068439599093,0.0,2.5586201038169492e-05,0.0,0.038268096800384656,0.0042001338902406815,-0.22504373613245227,0.0,0.0,0.0
761.0,12.535535769031268,-6.23924043303714,0.0,0.0,9.20852579248448e-06,0.0,0.0,-6.581346431555368,20.5794109308,0.0,0.0,0.3421059985182282,0.0,2.5306753488335807e-05,0.0,0.0382680537058389,0.004200238257973263,-0.22504351141279905,0.0,0.0,0.0
762.0,12.535540765035243,-6.23923212762128,0.0,0.0,9.104775337642913e-06,0.0,0.0,-6.581337274732512,20.5794109308,0.0,0.0,0.34210514711123174,0.0,2.502161783532093e-05,0.0,0.03826801115007135,0.004200341033675753,-0.22504328895273734,0.0,0.0,0.0
763.0,12.535545775141795,-6.239223932865641,0.0,0.0,8.998959859454271e-06,0.0,0.0,-6.581328222693038,20.5794109308,0.0,0.0,0.3421042898273976,0.0,2.473080731538336e-05,0.0,0.038267969143116976,0.004200442191423792,-0.22504306880149086,0.0,0.0,0.0
764.0,12.5355507986128,-6.239215850742744,0.0,0.0,8.891084531987326e-06,0.0,0.0,-6.581319277499413,20.5794109308,0.0,0.0,0.34210342675666894,0.0,2.443433615704056e-05,0.0,0.03826792769497997,0.004200541705404778,-0.22504285100819407,0.0,0.0,0.0
765.0,12.535555834703723,-6.239207883218296,0.0,0.0,8.781154891628767e-06,0.0,0.0,-6.581310441208749,20.5794109308,0.0,0.0,0.34210255799045264,0.0,2.4132219584482496e-05,0.0,0.03826788681563195,0.00420063954992278,-0.225042635621884,0.0,0.0,0.0
766.0,12.535560882663708,-6.239200032250827,0.0,0.0,8.669176838280064e-06,0.0,0.0,-6.5813017158724385,20.5794109308,0.0,0.0,0.3421016836216113,0.0,2.3824473820854416e-05,0.0,0.038267846515010195,0.004200735699403282,-0.22504242269149155,0.0,0.0,0.0
767.0,12.535565941735651,-6.2391922997913385,0.0,0.0,8.555156636498416e-06,0.0,0.0,-6.581293103535793,20.5794109308,0.0,0.0,0.3421008037444544,0.0,2.3511116091385924e-05,0.0,0.038267806803015794,0.004200830128398031,-0.22504221226583312,0.0,0.0,0.0
768.0,12.5355710111563,-6.239184687782941,0.0,0.0,8.439100916588827e-06,0.0,0.0,-6.581284606237676,20.5794109308,0.0,0.0,0.34209991845473553,0.0,2.3192164626385695e-05,0.0,0.038267767689511886,0.004200922811589902,-0.22504200439360206,0.0,0.0,0.0
769.0,12.535576090156331,-6.239177198160496,0.0,0.0,8.32101667564055e-06,0.0,0.0,-6.581276226010138,20.5794109308,0.0,0.0,0.34209902784964186,0.0,2.2867638664083292e-05,0.0,0.03826772918432179,0.004201013723797636,-0.22504179912335998,0.0,0.0,0.0
770.0,12.535581177960447,-6.2391698328502585,0.0,0.0,8.200911278513889e-06,0.0,0.0,-6.581267964878047,20.5794109308,0.0,0.0,0.3420981320277887,0.0,2.2537558453334514e-05,0.0,0.03826769129722728,0.004201102839980889,-0.22504159650352845,0.0,0.0,0.0
771.0,12.535586273787462,-6.239162593769514,0.0,0.0,8.078792458767358e-06,0.0,0.0,-6.5812598248587255,20.5794109308,0.0,0.0,0.34209723108921164,0.0,2.2201945256162836e-05,0.0,0.03826765403796666,0.004201190135244809,-0.22504139658237987,0.0,0.0,0.0
772.0,12.535591376850396,-6.2391554828262175,0.0,0.0,7.954668319538847e-06,0.0,0.0,-6.581251807961574,20.5794109308,0.0,0.0,0.3420963251353566,0.0,2.18608213501744e-05,0.0,0.03826761741623305,0.004201275584845204,-0.22504119940802936,0.0,0.0,0.0
773.0,12.535596486356566,-6.239148501918632,0.0,0.0,7.828547334364552e-06,0.0,0.0,-6.581243916187706,20.5794109308,0.0,0.0,0.34209541426907375,0.0,2.1514210030802006e-05,0.0,0.038267581441672464,0.004201359164193091,-0.22504100502842572,0.0,0.0,0.0
774.0,12.535601601507684,-6.2391416529349675,0.0,0.0,7.700438347948582e-06,0.0,0.0,-6.581236151529576,20.5794109308,0.0,0.0,0.3420944985946086,0.0,2.116213561341347e-05,0.0,0.03826754612388205,0.00420144084885983,-0.22504081349134292,0.0,0.0,0.0
775.0,12.535606721499953,-6.239134937753016,0.0,0.0,7.57035057687237e-06,0.0,0.0,-6.581228515970609,20.5794109308,0.0,0.0,0.3420935782175931,0.0,2.0804623435254616e-05,0.0,0.03826751147240821,0.0042015206145817885,-0.22504062484437132,0.0,0.0,0.0
776.0,12.535611845524164,-6.239128358239789,0.0,0.0,7.4382936102548204e-06,0.0,0.0,-6.581221011484825,20.5794109308,0.0,0.0,0.3420926532450359,0.0,2.044169985725685e-05,0.0,0.0382674774967448,0.004201598437265405,-0.22504043913490884,0.0,0.0,0.0
777.0,12.535616972765794,-6.239121916251156,0.0,0.0,7.304277410346339e-06,0.0,0.0,-6.58121364003647,20.5794109308,0.0,0.0,0.3420917237853143,0.0,2.0073392265663056e-05,0.0,0.03826744420633128,0.004201674292991828,-0.2250402564101524,0.0,0.0,0.0
778.0,12.535622102405112,-6.239115613631478,0.0,0.0,7.168312313076114e-06,0.0,0.0,-6.581206403579641,20.5794109308,0.0,0.0,0.34209078994816267,0.0,1.9699729073524967e-05,0.0,0.0382674116105509,0.0042017481580219895,-0.22504007671708898,0.0,0.0,0.0
779.0,12.535627233617275,-6.239109452213246,0.0,0.0,7.030409028536339e-06,0.0,0.0,-6.58119930405791,20.5794109308,0.0,0.0,0.3420898518446638,0.0,1.9320739722027333e-05,0.0,0.03826737971872884,0.004201820008801316,-0.22503990010248678,0.0,0.0,0.0
780.0,12.535632365572436,-6.239103433816715,0.0,0.0,6.890578641410518e-06,0.0,0.0,-6.581192343403955,20.5794109308,0.0,0.0,0.3420889095872397,0.0,1.8936454681658372e-05,0.0,0.03826734854013035,0.004201889821964719,-0.22503972661288668,0.0,0.0,0.0
781.0,12.535637497435847,-6.239097560249538,0.0,0.0,6.748832611342452e-06,0.0,0.0,-6.581185523539179,20.5794109308,0.0,0.0,0.3420879632896403,0.0,1.8546905453217244e-05,0.0,0.038267318083958946,0.004201957574341414,-0.2250395562945931,0.0,0.0,0.0
782.0,12.535642628367967,-6.239091833306407,0.0,0.0,6.6051827732503626e-06,0.0,0.0,-6.581178846373339,20.5794109308,0.0,0.0,0.3420870130669318,0.0,1.8152124568670786e-05,0.0,0.038267288359354536,0.004202023242959707,-0.2250393891936653,0.0,0.0,0.0
783.0,12.535647757524567,-6.239086254768684,0.0,0.0,6.4596413375784035e-06,0.0,0.0,-6.581172313804169,20.5794109308,0.0,0.0,0.34208605903548506,0.0,1.775214559183819e-05,0.0,0.03826725937539163,0.004202086805051991,-0.22503922535590876,0.0,0.0,0.0
784.0,12.535652884056843,-6.239080826404035,0.0,0.0,6.312220890491722e-06,0.0,0.0,-6.581165927717005,20.5794109308,0.0,0.0,0.34208510131296954,0.0,1.734700311892058e-05,0.0,0.038267231141077454,0.004202148238059478,-0.22503906482686573,0.0,0.0,0.0
785.0,12.535658007111524,-6.239075549966074,0.0,0.0,6.162934394011078e-06,0.0,0.0,-6.581159689984409,20.5794109308,0.0,0.0,0.34208414001833454,0.0,1.6936732778864553e-05,0.0,0.038267203665350094,0.004202207519637055,-0.225038907651807,0.0,0.0,0.0
786.0,12.535663125830986,-6.239070427193989,0.0,0.0,6.0117951860854714e-06,0.0,0.0,-6.5811536024657915,20.5794109308,0.0,0.0,0.3420831752718021,0.0,1.6521371233555344e-05,0.0,0.03826717695707671,0.004202264627658242,-0.22503875387572267,0.0,0.0,0.0
787.0,12.535668239353363,-6.239065459812186,0.0,0.0,5.858816980610239e-06,0.0,0.0,-6.5811476670070395,20.5794109308,0.0,0.0,0.3420822071948537,0.0,1.6100956177860226e-05,0.0,0.03826715102505165,0.004202319540219823,-0.22503860354331337,0.0,0.0,0.0
788.0,12.535673346812663,-6.239060649529918,0.0,0.0,5.704013867377105e-06,0.0,0.0,-6.581141885440137,20.5794109308,0.0,0.0,0.3420812359102188,0.0,1.5675526339484948e-05,0.0,0.038267125877994614,0.004202372235646942,-0.22503845669898132,0.0,0.0,0.0
789.0,12.535678447338885,-6.23905599804093,0.0,0.0,5.547400311969756e-06,0.0,0.0,-6.58113625958279,20.5794109308,0.0,0.0,0.34208026154185944,0.0,1.5245121478680487e-05,0.0,0.038267101524548854,0.004202422692497598,-0.22503831338682156,0.0,0.0,0.0
790.0,12.535683540058132,-6.239051507023091,0.0,0.0,5.388991155594874e-06,0.0,0.0,-6.581130791238051,20.5794109308,0.0,0.0,0.34207928421496003,0.0,1.4809782387772572e-05,0.0,0.03826707797327931,0.004202470889567697,-0.22503817365061293,0.0,0.0,0.0
791.0,12.535688624092737,-6.239047178138031,0.0,0.0,5.228801614853884e-06,0.0,0.0,-6.581125482193944,20.5794109308,0.0,0.0,0.34207830405591366,0.0,1.4369550890528223e-05,0.0,0.03826705523267075,0.004202516805895687,-0.22503803753380924,0.0,0.0,0.0
792.0,12.535693698561376,-6.239043013030782,0.0,0.0,5.066847281447278e-06,0.0,0.0,-6.5811203342230895,20.5794109308,0.0,0.0,0.34207732119230716,0.0,1.3924469841337205e-05,0.0,0.03826703331112599,0.004202560420767484,-0.22503790507953042,0.0,0.0,0.0
793.0,12.535698762579193,-6.239039013329417,0.0,0.0,4.90314412182603e-06,0.0,0.0,-6.581115349082327,20.5794109308,0.0,0.0,0.3420763357529104,0.0,1.3474583124248048e-05,0.0,0.038267012216964054,0.004202601713721152,-0.22503777633055352,0.0,0.0,0.0
794.0,12.535703815257918,-6.239035180644685,0.0,0.0,4.7377084767715625e-06,0.0,0.0,-6.581110528512345,20.5794109308,0.0,0.0,0.3420753478676595,0.0,1.3019935651807856e-05,0.0,0.0382669919584183,0.004202640664551616,-0.22503765132930392,0.0,0.0,0.0
795.0,12.535708855706,-6.239031516569658,0.0,0.0,4.570557060918093e-06,0.0,0.0,-6.581105874237301,20.5794109308,0.0,0.0,0.34207435766764327,0.0,1.2560573363743819e-05,0.0,0.038266972543634675,0.004202677253315551,-0.22503753011784655,0.0,0.0,0.0
796.0,12.535713883028722,-6.239028022679364,0.0,0.0,4.401706962210836e-06,0.0,0.0,-6.581101387964455,20.5794109308,0.0,0.0,0.34207336528509025,0.0,1.2096543225468566e-05,0.0,0.0382669539806698,0.004202711460335948,-0.22503741273787667,0.0,0.0,0.0
797.0,12.535718896328332,-6.239024700530437,0.0,0.0,4.231175641300651e-06,0.0,0.0,-6.581097071383788,20.5794109308,0.0,0.0,0.3420723708533515,0.0,1.1627893226410909e-05,0.0,0.03826693627748926,0.004202743266206954,-0.22503729923071153,0.0,0.0,0.0
798.0,12.53572389470417,-6.239021551660754,0.0,0.0,4.058980930872464e-06,0.0,0.0,-6.581092926167639,20.5794109308,0.0,0.0,0.34207137450688574,0.0,1.1154672378164748e-05,0.0,0.03826691944196573,0.00420277265179847,-0.22503718963728103,0.0,0.0,0.0
799.0,12.535728877252795,-6.2390185775890785,0.0,0.0,3.885141034915567e-06,0.0,0.0,-6.581088953970326,20.5794109308,0.0,0.0,0.3420703763812476,0.0,1.0676930712478285e-05,0.0,0.03826690348187716,0.0042027995982608785,-0.22503708399811917,0.0,0.0,0.0
800.0,12.53573384306812,-6.23901577981471,0.0,0.0,3.709674527925798e-06,0.0,0.0,-6.581085156427777,20.5794109308,0.0,0.0,0.34206937661306736,0.0,1.0194719279056193e-05,0.0,0.038266888404905025,0.004202824087029738,-0.22503698235335517,0.0,0.0,0.0
801.0,12.535738791241535,-6.239013159817126,0.0,0.0,3.532600354042769e-06,0.0,0.0,-6.581081535157163,20.5794109308,0.0,0.0,0.34206837534003753,0.0,9.708090143183373e-06,0.0,0.038266874218632466,0.0042028460998303485,-0.22503688474270456,0.0,0.0,0.0
802.0,12.535743720862044,-6.239010719055627,0.0,0.0,3.353937826125858e-06,0.0,0.0,-6.581078091756525,20.5794109308,0.0,0.0,0.3420673727008978,0.0,9.217096383180549e-06,0.0,0.03826686093054255,0.004202865618682383,-0.22503679120546047,0.0,0.0,0.0
803.0,12.5357486310164,-6.239008458968991,0.0,0.0,3.1737066247609508e-06,0.0,0.0,-6.5810748278044064,20.5794109308,0.0,0.0,0.3420663688354155,0.0,8.721792087669672e-06,0.0,0.038266848548016465,0.0042028826259045415,-0.2250367017804849,0.0,0.0,0.0
804.0,12.535753520789234,-6.239006380975117,0.0,0.0,2.991926797207346e-06,0.0,0.0,-6.581071744859488,20.5794109308,0.0,0.0,0.34206536388437137,0.0,8.222232352675024e-06,0.0,0.038266837078331756,0.0042028971041190855,-0.22503661650619988,0.0,0.0,0.0
805.0,12.535758389263195,-6.239004486470679,0.0,0.0,2.8086187562749646e-06,0.0,0.0,-6.581068844460221,20.5794109308,0.0,0.0,0.3420643579895417,0.0,7.718473278532895e-06,0.0,0.038266826528660515,0.004202909036256405,-0.22503653542057875,0.0,0.0,0.0
806.0,12.535763235519086,-6.239002776830777,0.0,0.0,2.6238032791383966e-06,0.0,0.0,-6.581066128124459,20.5794109308,0.0,0.0,0.3420633512936826,0.0,7.210571966627835e-06,0.0,0.03826681690606765,0.004202918405559572,-0.2250364585611374,0.0,0.0,0.0
807.0,12.535768058636,-6.239001253408589,0.0,0.0,2.4375015060858287e-06,0.0,0.0,-6.581063597349099,20.5794109308,0.0,0.0,0.34206234394051016,0.0,6.698586515950079e-06,0.0,0.03826680821750911,0.004202925195588791,-0.22503638596492562,0.0,0.0,0.0
808.0,12.53577285769146,-6.238999917535032,0.0,0.0,2.2497349391985213e-06,0.0,0.0,-6.581061253609716,20.5794109308,0.0,0.0,0.3420613360746847,0.0,6.182576019462256e-06,0.0,0.03826680046983016,0.004202929390225929,-0.22503631766851853,0.0,0.0,0.0
809.0,12.53577763176156,-6.23899877051841,0.0,0.0,2.060525440970362e-06,0.0,0.0,-6.581059098360202,20.5794109308,0.0,0.0,0.34206032784179285,0.0,5.662600560301577e-06,0.0,0.0382667936697636,0.004202930973678978,-0.2250362537080078,0.0,0.0,0.0
810.0,12.535782379921102,-6.2389978136440805,0.0,0.0,1.8698952328558134e-06,0.0,0.0,-6.581057133032409,20.5794109308,0.0,0.0,0.3420593193883281,0.0,5.138721207785374e-06,0.0,0.03826678782392804,0.004202929930486404,-0.22503619411899306,0.0,0.0,0.0
811.0,12.535787101243743,-6.238997048174112,0.0,0.0,1.6778668937546165e-06,0.0,0.0,-6.581055359035784,20.5794109308,0.0,0.0,0.34205831086167215,0.0,4.6110000132430175e-06,0.0,0.038266782938826224,0.004202926245521668,-0.22503613893657337,0.0,0.0,0.0
812.0,12.535791794802135,-6.238996475346944,0.0,0.0,1.4844633584279924e-06,0.0,0.0,-6.581053777757024,20.5794109308,0.0,0.0,0.3420573024100797,0.0,4.079500005659717e-06,0.0,0.03826677902084323,0.004202919903997557,-0.2250360881953386,0.0,0.0,0.0
813.0,12.535796459668068,-6.238996096377052,0.0,0.0,1.289707915851791e-06,0.0,0.0,-6.581052390559708,20.5794109308,0.0,0.0,0.3420562941826555,0.0,3.5442851871472286e-06,0.0,0.038266776076244804,0.004202910891470443,-0.225036041929361,0.0,0.0,0.0
814.0,12.53580109491262,-6.238995912454616,0.0,0.0,1.0936242074994202e-06,0.0,0.0,-6.5810511987839515,20.5794109308,0.0,0.0,0.3420552863293356,0.0,3.005420528221746e-06,0.0,0.03826677411117567,0.0042028991938447,-0.2250360001721866,0.0,0.0,0.0
815.0,12.535805699606293,-6.238995924745183,0.0,0.0,8.96236225558257e-07,0.0,0.0,-6.581050203746054,20.5794109308,0.0,0.0,0.3420542790008714,0.0,2.4629719628991734e-06,0.0,0.03826677313165782,0.004202884797376946,-0.22503596295682693,0.0,0.0,0.0
816.0,12.535810272819173,-6.2389961343893425,0.0,0.0,6.975683110839433e-07,0.0,0.0,-6.581049406738148,20.5794109308,0.0,0.0,0.34205327234880567,0.0,1.917006383619866e-06,0.0,0.03826677314358886,0.004202867688680292,-0.22503593031575042,0.0,0.0,0.0
817.0,12.535814813621066,-6.238996542502394,0.0,0.0,4.976451520793587e-07,0.0,0.0,-6.581048809027851,20.5794109308,0.0,0.0,0.3420522665254566,0.0,1.367591635966563e-06,0.0,0.03826677415274029,0.0042028478547285475,-0.22503590228087417,0.0,0.0,0.0
818.0,12.535819321081654,-6.238997150174026,0.0,0.0,2.9649178151690565e-07,0.0,0.0,-6.5810484118579184,20.5794109308,0.0,0.0,0.3420512616838929,0.0,8.147965132267136e-07,0.0,0.0382667761647559,0.004202825282860478,-0.22503587888355547,0.0,0.0,0.0
819.0,12.535823794270641,-6.238997958467984,0.0,0.0,9.413357528200682e-08,0.0,0.0,-6.581048216445903,20.5794109308,0.0,0.0,0.34205025797791855,0.0,2.5869075073847696e-07,0.0,0.038266779185150104,0.0042027999607838346,-0.2250358601545838,0.0,0.0,0.0
820.0,12.535828232257904,-6.238998968421762,0.0,0.0,-1.0940374993774277e-07,0.0,0.0,-6.581048223983811,20.5794109308,0.0,0.0,0.3420492555620491,0.0,-3.0065497991243526e-07,0.0,0.03826678321930628,0.004202771876579484,-0.2250358461241722,0.0,0.0,0.0
821.0,12.535832634113644,-6.239000181046269,0.0,0.0,-3.1409413884366314e-07,0.0,0.0,-6.581048435637761,20.5794109308,0.0,0.0,0.342048254591492,0.0,-8.631690769162275e-07,0.0,0.038266788272475184,0.004202741018705644,-0.2250358368219494,0.0,0.0,0.0
822.0,12.53583699890854,-6.239001597325526,0.0,0.0,-5.199111997732687e-07,0.0,0.0,-6.58104885254765,20.5794109308,0.0,0.0,0.3420472552221243,0.0,-1.428779014416713e-06,0.0,0.03826679434977333,0.004202707376001744,-0.22503583227695134,0.0,0.0,0.0
823.0,12.535841325713896,-6.239003218216342,0.0,0.0,-7.268282070202152e-07,0.0,0.0,-6.581049475826814,20.5794109308,0.0,0.0,0.34204625761047147,0.0,-1.9974113488885014e-06,0.0,0.03826680145618136,0.0042026709376924015,-0.22503583251761355,0.0,0.0,0.0
824.0,12.535845613601806,-6.2390050446480085,0.0,0.0,-9.348181032211916e-07,0.0,0.0,-6.581050306561697,20.5794109308,0.0,0.0,0.34204526191368867,0.0,-2.5689917256979562e-06,0.0,0.03826680959654246,0.0042026316933915925,-0.22503583757176251,0.0,0.0,0.0
825.0,12.535849861645294,-6.239007077521989,0.0,0.0,-1.1438535018102647e-06,0.0,0.0,-6.581051345811524,20.5794109308,0.0,0.0,0.34204426828953505,0.0,-3.1434448858493055e-06,0.0,0.038266818775560846,0.0042025896331063795,-0.22503584746660815,0.0,0.0,0.0
826.0,12.535854068918482,-6.239009317711611,0.0,0.0,-1.3539066895380087e-06,0.0,0.0,-6.581052594607967,20.5794109308,0.0,0.0,0.34204327689635594,0.0,-3.720694672908585e-06,0.0,0.03826682899780012,0.004202544747240855,-0.22503586222873567,0.0,0.0,0.0
827.0,12.535858234496734,-6.239011766061768,0.0,0.0,-1.5649496290609146e-06,0.0,0.0,-6.581054053954824,20.5794109308,0.0,0.0,0.34204228789305535,0.0,-4.300664040120496e-06,0.0,0.0382668402676818,0.004202497026600027,-0.22503588188409748,0.0,0.0,0.0
828.0,12.535862357456825,-6.239014423388615,0.0,0.0,-1.7769539615962852e-06,0.0,0.0,-6.581055724827693,20.5794109308,0.0,0.0,0.3420413014390782,0.0,-4.883275057705009e-06,0.0,0.03826685258948371,0.004202446462393497,-0.22503590645800586,0.0,0.0,0.0
829.0,12.535866436877086,-6.2390172904792705,0.0,0.0,-1.9898910096442203e-06,0.0,0.0,-6.581057608173656,20.5794109308,0.0,0.0,0.34204031769438537,0.0,-5.468448920338122e-06,0.0,0.03826686596733851,0.004202393046239344,-0.2250359359751247,0.0,0.0,0.0
830.0,12.53587047183757,-6.239020368091525,0.0,0.0,-2.2037317797761024e-06,0.0,0.0,-6.581059704910957,20.5794109308,0.0,0.0,0.34203933681943166,0.0,-6.056105954815136e-06,0.0,0.03826688040523222,0.004202336770167778,-0.22503597045946191,0.0,0.0,0.0
831.0,12.53587446142021,-6.239023656953549,0.0,0.0,-2.4184469654929423e-06,0.0,0.0,-6.581062015928691,20.5794109308,0.0,0.0,0.3420383589751417,0.0,-6.646165627905699e-06,0.0,0.03826689590700263,0.004202277626624756,-0.22503600993436199,0.0,0.0,0.0
832.0,12.535878404708974,-6.2390271577636005,0.0,0.0,-2.6340069501500656e-06,0.0,0.0,-6.581064542086491,20.5794109308,0.0,0.0,0.3420373843228903,0.0,-7.2385465543909255e-06,0.0,0.03826691247633793,0.004202215608475668,-0.22503605442249805,0.0,0.0,0.0
833.0,12.535882300790027,-6.239030871189747,0.0,0.0,-2.850381809943629e-06,0.0,0.0,-6.581067284214219,20.5794109308,0.0,0.0,0.34203641302447263,0.0,-7.833166505270205e-06,0.0,0.0382669301167752,0.004202150709008923,-0.2250361039458647,0.0,0.0,0.0
834.0,12.53588614875189,-6.239034797869577,0.0,0.0,-3.067541316970466e-06,0.0,0.0,-6.581070243111663,20.5794109308,0.0,0.0,0.34203544524208596,0.0,-8.429942416169283e-06,0.0,0.03826694883169897,0.004202082921939312,-0.22503615852577025,0.0,0.0,0.0
835.0,12.535889947685604,-6.239038938409926,0.0,0.0,-3.2854549423523106e-06,0.0,0.0,-6.581073419548229,20.5794109308,0.0,0.0,0.34203448113830337,0.0,-9.028790395925046e-06,0.0,0.038266968624339814,0.004202012241411729,-0.22503621818282943,0.0,0.0,0.0
836.0,12.535893696684889,-6.2390432933865965,0.0,0.0,-3.5040918594253243e-06,0.0,0.0,-6.581076814262648,20.5794109308,0.0,0.0,0.34203352087605143,0.0,-9.629625735349504e-06,0.0,0.03826698949777292,0.004201938662004426,-0.22503628293695616,0.0,0.0,0.0
837.0,12.535897394846303,-6.2390478633440924,0.0,0.0,-3.723420946996834e-06,0.0,0.0,-6.581080427962674,20.5794109308,0.0,0.0,0.3420325646185818,0.0,-1.0232362916178257e-05,0.0,0.038267011454916726,0.0042018621787324045,-0.22503635280735618,0.0,0.0,0.0
838.0,12.535901041269412,-6.239052648795344,0.0,0.0,-3.943410792668245e-06,0.0,0.0,-6.581084261324797,20.5794109308,0.0,0.0,0.34203161252945335,0.0,-1.0836915620200567e-05,0.0,0.038267034498531485,0.004201782787050801,-0.22503642781251978,0.0,0.0,0.0
839.0,12.535904635056944,-6.239057650221447,0.0,0.0,-4.16402969622497e-06,0.0,0.0,-6.5810883149939485,20.5794109308,0.0,0.0,0.3420306647725013,0.0,-1.1443196738573353e-05,0.0,0.03826705863121797,0.004201700482858076,-0.22503650797021504,0.0,0.0,0.0
840.0,12.535908175314958,-6.239062868071402,0.0,0.0,-4.3852456730930855e-06,0.0,0.0,-6.581092589583217,20.5794109308,0.0,0.0,0.3420297215118149,0.0,-1.2051118381318329e-05,0.0,0.03826708385541612,0.004201615262499375,-0.22503659329748038,0.0,0.0,0.0
841.0,12.535911661153005,-6.239068302761853,0.0,0.0,-4.607026457857913e-06,0.0,0.0,-6.581097085673567,20.5794109308,0.0,0.0,0.34202878291171324,0.0,-1.2660591886989047e-05,0.0,0.038267110173403694,0.004201527122769486,-0.2250366838106178,0.0,0.0,0.0
842.0,12.535915091684293,-6.239073954676838,0.0,0.0,-4.829339507852499e-06,0.0,0.0,-6.581101803813557,20.5794109308,0.0,0.0,0.342027849136719,0.0,-1.327152783252981e-05,0.0,0.03826713758729501,0.00420143606091615,-0.22503677952518608,0.0,0.0,0.0
843.0,12.535918466025851,-6.239079824167535,0.0,0.0,-5.052152006808354e-06,0.0,0.0,-6.581106744519069,20.5794109308,0.0,0.0,0.34202692035153337,0.0,-1.3883836043305428e-05,0.0,0.038267166099039594,0.004201342074642983,-0.22503688045599382,0.0,0.0,0.0
844.0,12.535921783298695,-6.239085911552019,0.0,0.0,-5.275430868574006e-06,0.0,0.0,-6.581111908273028,20.5794109308,0.0,0.0,0.3420259967210093,0.0,-1.4497425603317056e-05,0.0,0.03826719571042098,0.004201245162112538,-0.22503698661709282,0.0,0.0,0.0
845.0,12.53592504262799,-6.239092217115018,0.0,0.0,-5.499142740897459e-06,0.0,0.0,-6.581117295525146,20.5794109308,0.0,0.0,0.34202507841012775,0.0,-1.511220486559345e-05,0.0,0.038267226423055446,0.004201145321949262,-0.2250370980217714,0.0,0.0,0.0
846.0,12.535928243143218,-6.239098741107674,0.0,0.0,-5.723254009273053e-06,0.0,0.0,-6.581122906691645,20.5794109308,0.0,0.0,0.34202416558397086,0.0,-1.5728081462758908e-05,0.0,0.03826725823839077,0.004201042553242343,-0.2250372146825479,0.0,0.0,0.0
847.0,12.535931383978339,-6.239105483747313,0.0,0.0,-5.947730800852531e-06,0.0,0.0,-6.581128742155008,20.5794109308,0.0,0.0,0.34202325840769543,0.0,-1.6344962317777454e-05,0.0,0.03826729115770505,0.004200936855548537,-0.22503733661116426,0.0,0.0,0.0
848.0,12.535934464271962,-6.239112445217208,0.0,0.0,-6.17253898842006e-06,0.0,0.0,-6.5811348022637155,20.5794109308,0.0,0.0,0.3420223570465071,0.0,-1.6962753654872476e-05,0.0,0.03826732518210548,0.004200828228894976,-0.22503746381857942,0.0,0.0,0.0
849.0,12.535937483167512,-6.239119625666361,0.0,0.0,-6.397644194434056e-06,0.0,0.0,-6.581141087331995,20.5794109308,0.0,0.0,0.34202146166563363,0.0,-1.7581361010629742e-05,0.0,0.03826736031252727,0.0042007166737817875,-0.2250375963149634,0.0,0.0,0.0
850.0,12.53594043981339,-6.239127025209274,0.0,0.0,-6.623011795130376e-06,0.0,0.0,-6.581147597639572,20.5794109308,0.0,0.0,0.3420205724302985,0.0,-1.8200689245268774e-05,0.0,0.038267396549732366,0.004200602191184899,-0.22503773410969075,0.0,0.0,0.0
851.0,12.535943333363141,-6.239134643925735,0.0,0.0,-6.848606924687679e-06,0.0,0.0,-6.581154333431431,20.5794109308,0.0,0.0,0.3420196895056957,0.0,-1.8820642554084846e-05,0.0,0.03826743389430847,0.0042004847825585084,-0.22503787721133467,0.0,0.0,0.0
852.0,12.535946162975625,-6.239142481860606,0.0,0.0,-7.07439447945873e-06,0.0,0.0,-6.581161294917566,20.5794109308,0.0,0.0,0.3420188130569599,0.0,-1.944112447907193e-05,0.0,0.03826747234666786,0.004200364449837596,-0.225038025627661,0.0,0.0,0.0
853.0,12.535948927815179,-6.239150539023612,0.0,0.0,-7.300339122263188e-06,0.0,0.0,-6.581168482272754,20.5794109308,0.0,0.0,0.34201794324914214,0.0,-2.0062037920714375e-05,0.0,0.03826751190704632,0.004200241195440421,-0.22503817936562215,0.0,0.0,0.0
854.0,12.535951627051782,-6.239158815389138,0.0,0.0,-7.526405286741334e-06,0.0,0.0,-6.58117589563632,20.5794109308,0.0,0.0,0.3420170802471816,0.0,-2.06832851499458e-05,0.0,0.03826755257550209,0.004200115022270995,-0.22503833843135154,0.0,0.0,0.0
855.0,12.53595425986123,-6.23916731089603,0.0,0.0,-7.752557181773292e-06,0.0,0.0,-6.581183535111907,20.5794109308,0.0,0.0,0.3420162242158771,0.0,-2.130476782028769e-05,0.0,0.03826759435191484,0.004199985933721229,-0.22503850283015753,0.0,0.0,0.0
856.0,12.535956825425291,-6.239176025447397,0.0,0.0,-7.97875879595797e-06,0.0,0.0,-6.581191400767259,20.5794109308,0.0,0.0,0.34201537531986226,0.0,-2.1926386980151953e-05,0.0,0.038267637235984676,0.004199853933673434,-0.22503867256651824,0.0,0.0,0.0
857.0,12.535959322931884,-6.239184958910422,0.0,0.0,-8.204973902152059e-06,0.0,0.0,-6.581199492633999,20.5794109308,0.0,0.0,0.34201453372357715,0.0,-2.2548043085308147e-05,0.0,0.03826768122723109,0.004199719026502291,-0.22503884764407564,0.0,0.0,0.0
858.0,12.535961751575234,-6.23919411111618,0.0,0.0,-8.431166062073094e-06,0.0,0.0,-6.581207810707417,20.5794109308,0.0,0.0,0.34201369959123706,0.0,-2.316963601152664e-05,0.0,0.03826772632499208,0.004199581217077197,-0.22503902806563042,0.0,0.0,0.0
859.0,12.535964110556046,-6.23920348185945,0.0,0.0,-8.65729863096131e-06,0.0,0.0,-6.581216354946261,20.5794109308,0.0,0.0,0.3420128730868113,0.0,-2.379106506738302e-05,0.0,0.03826777252842313,0.004199440510764124,-0.22503921383313652,0.0,0.0,0.0
860.0,12.53596639908167,-6.239213070898545,0.0,0.0,-8.883334762300182e-06,0.0,0.0,-6.5812251252725344,20.5794109308,0.0,0.0,0.3420120543739893,0.0,-2.4412229007223554e-05,0.0,0.03826781983649635,0.0041992969134278385,-0.22503940494769606,0.0,0.0,0.0
861.0,12.535968616366263,-6.239222877955138,0.0,0.0,-9.109237412602134e-06,0.0,0.0,-6.581234121571294,20.5794109308,0.0,0.0,0.342011243616156,0.0,-2.5033026044309527e-05,0.0,0.038267868247999576,0.004199150431433624,-0.2250396014095542,0.0,0.0,0.0
862.0,12.535970761630963,-6.239232902714093,0.0,0.0,-9.334969346246386e-06,0.0,0.0,-6.581243343690456,20.5794109308,0.0,0.0,0.34201044097636313,0.0,-2.5653353864104604e-05,0.0,0.03826791776153546,0.004199001071649305,-0.22503980321809403,0.0,0.0,0.0
863.0,12.53597283410405,-6.23924314482331,0.0,0.0,-9.560493140380932e-06,0.0,0.0,-6.581252791440608,20.5794109308,0.0,0.0,0.3420096466172984,0.0,-2.627310963773818e-05,0.0,0.0382679683755207,0.0041988488414468755,-0.2250400103718319,0.0,0.0,0.0
864.0,12.535974833021113,-6.239253603893562,0.0,0.0,-9.785771189882274e-06,0.0,0.0,-6.581262464594824,20.5794109308,0.0,0.0,0.34200886070126124,0.0,-2.6892190035627252e-05,0.0,0.038268020088185126,0.004198693748704477,-0.22504022286841252,0.0,0.0,0.0
865.0,12.535976757625214,-6.239264279498349,0.0,0.0,-1.001076571237096e-05,0.0,0.0,-6.581272362888481,20.5794109308,0.0,0.0,0.342008083390132,0.0,-2.75104912412514e-05,0.0,0.03826807289757102,0.004198535801807679,-0.22504044070460444,0.0,0.0,0.0
866.0,12.535978607167054,-6.239275171173747,0.0,0.0,-1.023543875328928e-05,0.0,0.0,-6.58128248601909,20.5794109308,0.0,0.0,0.3420073148453424,0.0,-2.812790896509838e-05,0.0,0.03826812680153227,0.0041983750096514505,-0.2250406638762954,0.0,0.0,0.0
867.0,12.535980380905142,-6.2392862784182705,0.0,0.0,-1.0459752191028032e-05,0.0,0.0,-6.581292833646121,20.5794109308,0.0,0.0,0.34200655522785084,0.0,-2.8744338458744302e-05,0.0,0.038268181797733634,0.004198211381641309,-0.22504089237848787,0.0,0.0,0.0
868.0,12.535982078105956,-6.239297600692736,0.0,0.0,-1.0683667742118593e-05,0.0,0.0,-6.581303405390845,20.5794109308,0.0,0.0,0.3420058046981085,0.0,-2.9359674529113085e-05,0.0,0.03826823788365007,0.004198044927695002,-0.22504112620529504,0.0,0.0,0.0
869.0,12.535983698044106,-6.239309137420132,0.0,0.0,-1.0907146966477068e-05,0.0,0.0,-6.581314200836165,20.5794109308,0.0,0.0,0.34200506341603365,0.0,-2.9973811552878823e-05,0.0,0.03826829505656604,0.004197875658243741,-0.2250413653499363,0.0,0.0,0.0
870.0,12.5359852400025,-6.239320887985491,0.0,0.0,-1.1130151272701817e-05,0.0,0.0,-6.581325219526473,20.5794109308,0.0,0.0,0.3420043315409824,0.0,-3.0586643491014605e-05,0.0,0.038268353313574796,0.0041977035842334365,-0.22504160980473326,0.0,0.0,0.0
871.0,12.535986703272512,-6.2393328517357745,0.0,0.0,-1.1352641923430732e-05,0.0,0.0,-6.581336460967494,20.5794109308,0.0,0.0,0.34200360923171935,0.0,-3.119806390350532e-05,0.0,0.03826841265157779,0.004197528717126114,-0.22504185956110612,0.0,0.0,0.0
872.0,12.535988087154136,-6.239345027979755,0.0,0.0,-1.1574580040748525e-05,0.0,0.0,-6.581347924626144,20.5794109308,0.0,0.0,0.34200289664638905,0.0,-3.180796596419771e-05,0.0,0.0382684730672841,0.00419735106890079,-0.22504211460956938,0.0,0.0,0.0
873.0,12.535989390956159,-6.239357415987909,0.0,0.0,-1.1795926611652362e-05,0.0,0.0,-6.581359609930394,20.5794109308,0.0,0.0,0.3420021939424851,0.0,-3.2416242475810585e-05,0.0,0.03826853455720975,0.004197170652054633,-0.22504237493972845,0.0,0.0,0.0
874.0,12.535990613996315,-6.239370014992314,0.0,0.0,-1.2016642493566884e-05,0.0,0.0,-6.581371516269138,20.5794109308,0.0,0.0,0.34200150127682427,0.0,-3.30227858850805e-05,0.0,0.038268597117677286,0.004196987479603953,-0.22504264054027603,0.0,0.0,0.0
875.0,12.53599175560145,-6.23938282418655,0.0,0.0,-1.2236688419914693e-05,0.0,0.0,-6.581383642992064,20.5794109308,0.0,0.0,0.3420008188055137,0.0,-3.3627488298059744e-05,0.0,0.03826866074481514,0.00419680156508509,-0.22504291139898866,0.0,0.0,0.0
876.0,12.535992815107688,-6.2393958427256075,0.0,0.0,-1.2456025005736343e-05,0.0,0.0,-6.581395989409533,20.5794109308,0.0,0.0,0.3420001466839251,0.0,-3.4230241495550095e-05,0.0,0.03826872543455722,0.0041966129225551735,-0.22504318750272334,0.0,0.0,0.0
877.0,12.535993791860582,-6.239409069725803,0.0,0.0,-1.267461275336422e-05,0.0,0.0,-6.581408554792464,20.5794109308,0.0,0.0,0.341999485066661,0.0,-3.4830936948684596e-05,0.0,0.03826879118264238,0.004196421566592945,-0.2250434688374145,0.0,0.0,0.0
878.0,12.53599468521528,-6.239422504264698,0.0,0.0,-1.2892412058148312e-05,0.0,0.0,-6.581421338372226,20.5794109308,0.0,0.0,0.3419988341075282,0.0,-3.5429465834651644e-05,0.0,0.03826885798461402,0.004196227512299283,-0.2250437553880708,0.0,0.0,0.0
879.0,12.535995494536689,-6.2394361453810205,0.0,0.0,-1.3109383214228517e-05,0.0,0.0,-6.5814343393405315,20.5794109308,0.0,0.0,0.3419981939595109,0.0,-3.60257190525469e-05,0.0,0.03826892583581967,0.004196030775297968,-0.2250440471387723,0.0,0.0,0.0
880.0,12.535996219199621,-6.239449992074603,0.0,0.0,-1.3325486420359929e-05,0.0,0.0,-6.581447556849339,20.5794109308,0.0,0.0,0.34199756477473553,0.0,-3.6619587239370524e-05,0.0,0.038268994731410634,0.004195831371736014,-0.22504434407266763,0.0,0.0,0.0
881.0,12.535996858588964,-6.239464043306315,0.0,0.0,-1.3540681785785366e-05,0.0,0.0,-6.5814609900107595,20.5794109308,0.0,0.0,0.3419969467044446,0.0,-3.721096078615417e-05,0.0,0.03826906466634157,0.004195629318284114,-0.22504464617197134,0.0,0.0,0.0
882.0,12.535997412099835,-6.239478297998005,0.0,0.0,-1.3754929336157202e-05,0.0,0.0,-6.581474637896973,20.5794109308,0.0,0.0,0.3419963398989676,0.0,-3.779972985422326e-05,0.0,0.03826913563537025,0.004195424632137054,-0.22504495341796144,0.0,0.0,0.0
883.0,12.535997879137732,-6.239492755032454,0.0,0.0,-1.3968189019506772e-05,0.0,0.0,-6.581488499540144,20.5794109308,0.0,0.0,0.34199574450769,0.0,-3.838578439158983e-05,0.0,0.038269207633057224,0.004195217331013856,-0.22504526579097692,0.0,0.0,0.0
884.0,12.535998259118697,-6.239507413253326,0.0,0.0,-1.4180420712259077e-05,0.0,0.0,-6.581502573932349,20.5794109308,0.0,0.0,0.3419951606790228,0.0,-3.8969014149469796e-05,0.0,0.038269280653765586,0.004195007433157996,-0.22504558327041568,0.0,0.0,0.0
885.0,12.535998551469469,-6.239522271465133,0.0,0.0,-1.4391584225299076e-05,0.0,0.0,-6.581516860025509,20.5794109308,0.0,0.0,0.3419945885603761,0.0,-3.954930869894179e-05,0.0,0.03826935469166072,0.004194794957337503,-0.2250459058347321,0.0,0.0,0.0
886.0,12.535998755627634,-6.239537328433197,0.0,0.0,-1.4601639310075985e-05,0.0,0.0,-6.5815313567313245,20.5794109308,0.0,0.0,0.3419940282981271,0.0,-4.012655744771035e-05,0.0,0.0382694297407101,0.004194579922844929,-0.2250462334614355,0.0,0.0,0.0
887.0,12.535998871041786,-6.239552582883629,0.0,0.0,-1.4810545664758484e-05,0.0,0.0,-6.58154606292122,20.5794109308,0.0,0.0,0.34199348003759056,0.0,-4.070064965700882e-05,0.0,0.03826950579468317,0.004194362349497202,-0.225046566127088,0.0,0.0,0.0
888.0,12.535998897171671,-6.2395680335033035,0.0,0.0,-1.5018262940431356e-05,0.0,0.0,-6.581560977426294,20.5794109308,0.0,0.0,0.34199294392299073,0.0,-4.1271474458616104e-05,0.0,0.03826958284715113,0.004194142257635619,-0.22504690380730305,0.0,0.0,0.0
889.0,12.535998833488346,-6.239583678939847,0.0,0.0,-1.522475074733584e-05,0.0,0.0,-6.581576099037278,20.5794109308,0.0,0.0,0.3419924200974309,0.0,-4.183892087199334e-05,0.0,0.03826966089148692,0.004193919668125365,-0.22504724647674357,0.0,0.0,0.0
890.0,12.535998679474327,-6.23959951780163,0.0,0.0,-1.542996866115306e-05,0.0,0.0,-6.581591426504492,20.5794109308,0.0,0.0,0.34199190870286156,0.0,-4.2402877821538906e-05,0.0,0.038269739920865076,0.004193694602355372,-0.22504759410912106,0.0,0.0,0.0
891.0,12.535998434623737,-6.2396155486577625,0.0,0.0,-1.5633876229329502e-05,0.0,0.0,-6.581606958537819,20.5794109308,0.0,0.0,0.3419914098800563,0.0,-4.2963234153958865e-05,0.0,0.03826981992826167,0.004193467082237778,-0.2250479466771939,0.0,0.0,0.0
892.0,12.535998098442457,-6.239631770038101,0.0,0.0,-1.5836432977443482e-05,0.0,0.0,-6.581622693806677,20.5794109308,0.0,0.0,0.3419909237685763,0.0,-4.351987865574996e-05,0.0,0.03826990090645442,0.004193237130207431,-0.22504830415276644,0.0,0.0,0.0
893.0,12.535997670448271,-6.239648180433259,0.0,0.0,-1.6037598415610063e-05,0.0,0.0,-6.581638630940004,20.5794109308,0.0,0.0,0.3419904505067448,0.0,-4.407270007078824e-05,0.0,0.038269982848022556,0.004193004769221284,-0.2250486665066881,0.0,0.0,0.0
894.0,12.535997150171017,-6.239664778294624,0.0,0.0,-1.623733204492922e-05,0.0,0.0,-6.581654768526239,20.5794109308,0.0,0.0,0.3419899902316157,0.0,-4.4621587118036377e-05,0.0,0.038270065745346984,0.004192770022757669,-0.22504903370885243,0.0,0.0,0.0
895.0,12.535996537152728,-6.23968156203438,0.0,0.0,-1.6435593363969874e-05,0.0,0.0,-6.581671105113324,20.5794109308,0.0,0.0,0.34198954307894436,0.0,-4.516642850934955e-05,0.0,0.03827014959061032,0.004192532914815639,-0.22504940572819654,0.0,0.0,0.0
896.0,12.535995830947778,-6.239698530025539,0.0,0.0,-1.6632341875292476e-05,0.0,0.0,-6.581687639208698,20.5794109308,0.0,0.0,0.3419891091831593,0.0,-4.5707112967387263e-05,0.0,0.038270234375797046,0.004192293469913899,-0.22504978253270064,0.0,0.0,0.0
897.0,12.535995031123027,-6.239715680601978,0.0,0.0,-1.6827537092008455e-05,0.0,0.0,-6.58170436927931,20.5794109308,0.0,0.0,0.3419886886773318,0.0,-4.6243529243626264e-05,0.0,0.0382703200926936,0.004192051713090061,-0.2250501640893876,0.0,0.0,0.0
898.0,12.53599413725796,-6.239733012058481,0.0,0.0,-1.7021138544376287e-05,0.0,0.0,-6.581721293751627,20.5794109308,0.0,0.0,0.34198828169314677,0.0,-4.677556613647425e-05,0.0,0.03827040673288862,0.004191807669899378,-0.22505055036432275,0.0,0.0,0.0
899.0,12.535993148944828,-6.239750522650788,0.0,0.0,-1.721310578643519e-05,0.0,0.0,-6.581738411011662,20.5794109308,0.0,0.0,0.34198788836087335,0.0,-4.730311250948676e-05,0.0,0.03827049428777313,0.004191561366413868,-0.2250509413226139,0.0,0.0,0.0
900.0,12.53599206578879,-6.239768210595656,0.0,0.0,-1.7403398402666e-05,0.0,0.0,-6.581755719404992,20.5794109308,0.0,0.0,0.3419875088093356,0.0,-4.782605730965888e-05,0.0,0.0382705827485408,0.004191312829220778,-0.22505133692841145,0.0,0.0,0.0
901.0,12.53599088740805,-6.239786074070914,0.0,0.0,-1.759197601469502e-05,0.0,0.0,-6.581773217236798,20.5794109308,0.0,0.0,0.3419871431658841,0.0,-4.8344289585835004e-05,0.0,0.03827067210618824,0.004191062085421554,-0.2250517371449086,0.0,0.0,0.0
902.0,12.535989613433992,-6.239804111215541,0.0,0.0,-1.7778798288024475e-05,0.0,0.0,-6.581790902771908,20.5794109308,0.0,0.0,0.3419867915563666,0.0,-4.8857698507191585e-05,0.0,0.03827076235151526,0.004190809162630232,-0.22505214193434173,0.0,0.0,0.0
903.0,12.53598824351132,-6.239822320129735,0.0,0.0,-1.7963824938796998e-05,0.0,0.0,-6.581808774234833,20.5794109308,0.0,0.0,0.34198645410509787,0.0,-4.936617338181359e-05,0.0,0.038270853475125294,0.0041905540889719955,-0.22505255125799112,0.0,0.0,0.0
904.0,12.535986777298184,-6.2398406988750015,0.0,0.0,-1.8147015740588707e-05,0.0,0.0,-6.581826829809835,20.5794109308,0.0,0.0,0.3419861309348331,0.0,-4.98696036753494e-05,0.0,0.03827094546742574,0.004190296893081716,-0.22505296507618155,0.0,0.0,0.0
905.0,12.535985214466328,-6.239859245474239,0.0,0.0,-1.832833053123775e-05,0.0,0.0,-6.581845067640977,20.5794109308,0.0,0.0,0.34198582216673756,0.0,-5.036787902976324e-05,0.0,0.03827103831862841,0.00419003760410204,-0.2250533833482833,0.0,0.0,0.0
906.0,12.5359835547012,-6.2398779579118395,0.0,0.0,-1.8507729219694578e-05,0.0,0.0,-6.581863485832196,20.5794109308,0.0,0.0,0.3419855279203565,0.0,-5.0860889282147396e-05,0.0,0.03827113201874993,0.004189776251681765,-0.22505380603271308,0.0,0.0,0.0
907.0,12.535981797702103,-6.239896834133789,0.0,0.0,-1.8685171792906826e-05,0.0,0.0,-6.581882082447377,20.5794109308,0.0,0.0,0.34198524831358856,0.0,-5.13485244836295e-05,0.0,0.038271226557612274,0.004189512865973952,-0.22505423308693537,0.0,0.0,0.0
908.0,12.535979943182308,-6.239915872047775,0.0,0.0,-1.886061832272768e-05,0.0,0.0,-6.581900855510433,20.5794109308,0.0,0.0,0.34198498346265804,0.0,-5.1830674918344475e-05,0.0,0.038271321924843255,0.004189247477633912,-0.2250546644674637,0.0,0.0,0.0
909.0,12.53597799086919,-6.239935069523312,0.0,0.0,-1.9034028972850633e-05,0.0,0.0,-6.581919803005395,20.5794109308,0.0,0.0,0.34198473348208314,0.0,-5.230723112247897e-05,0.0,0.0382714181098771,0.004188980117817279,-0.22505510012986224,0.0,0.0,0.0
910.0,12.535975940504349,-6.239954424391853,0.0,0.0,-1.9205364005771366e-05,0.0,0.0,-6.581938922876505,20.5794109308,0.0,0.0,0.34198449848465184,0.0,-5.277808390339054e-05,0.0,0.03827151510195503,0.004188710818177732,-0.22505554002874745,0.0,0.0,0.0
911.0,12.535973791843734,-6.239973934446932,0.0,0.0,-1.937458378977327e-05,0.0,0.0,-6.581958213028322,20.5794109308,0.0,0.0,0.34198427858139,0.0,-5.3243124358791675e-05,0.0,0.03827161289012586,0.004188439610864764,-0.22505598411779,0.0,0.0,0.0
912.0,12.53597154465777,-6.239993597444293,0.0,0.0,-1.9541648805934825e-05,0.0,0.0,-6.581977671325828,20.5794109308,0.0,0.0,0.34198407388153473,0.0,-5.37022438959942e-05,0.0,0.038271711463246705,0.004188166528521553,-0.22505643234971667,0.0,0.0,0.0
913.0,12.535969198731472,-6.240013411102038,0.0,0.0,-1.9706519655161198e-05,0.0,0.0,-6.581997295594544,20.5794109308,0.0,0.0,0.34198388449250583,0.0,-5.4155334251220146e-05,0.0,0.03827181080998364,0.004187891604282248,-0.22505688467631274,0.0,0.0,0.0
914.0,12.535966753864566,-6.240033373100776,0.0,0.0,-1.986915706523702e-05,0.0,0.0,-6.582017083620657,20.5794109308,0.0,0.0,0.3419837105198802,0.0,-5.4602287508971034e-05,0.0,0.03827191091881243,0.004187614871769649,-0.22505734104842412,0.0,0.0,0.0
915.0,12.535964209871608,-6.240053481083786,0.0,0.0,-2.0029521897896923e-05,0.0,0.0,-6.582037033151146,20.5794109308,0.0,0.0,0.34198355206736064,0.0,-5.504299612144602e-05,0.0,0.03827201177801929,0.0041873363650925255,-0.22505780141596005,0.0,0.0,0.0
916.0,12.5359615665821,-6.240073732657173,0.0,0.0,-2.018757515591832e-05,0.0,0.0,-6.582057141893926,20.5794109308,0.0,0.0,0.34198340923675286,0.0,-5.547735292802132e-05,0.0,0.038272113375701695,0.004187056118843013,-0.22505826572789564,0.0,0.0,0.0
917.0,12.5359588238406,-6.24009412539005,0.0,0.0,-2.034327799023233e-05,0.0,0.0,-6.582077407517982,20.5794109308,0.0,0.0,0.3419832821279316,0.0,-5.590525117477963e-05,0.0,0.03827221569976922,0.004186774168093599,-0.22505873393227482,0.0,0.0,0.0
918.0,12.535955981506836,-6.240114656814711,0.0,0.0,-2.049659170704905e-05,0.0,0.0,-6.582097827653532,20.5794109308,0.0,0.0,0.34198317083882035,0.0,-5.632658453407913e-05,0.0,0.03827231873794437,0.0041864905483944975,-0.22505920597621326,0.0,0.0,0.0
919.0,12.535953039455817,-6.240135324426818,0.0,0.0,-2.0647477775002508e-05,0.0,0.0,-6.5821183998921775,20.5794109308,0.0,0.0,0.3419830754653592,0.0,-5.674124712417669e-05,0.0,0.038272422477763524,0.004186205295770504,-0.2250596818059017,0.0,0.0,0.0
920.0,12.53594999757794,-6.240156125685594,0.0,0.0,-2.079589783230674e-05,0.0,0.0,-6.582139121787076,20.5794109308,0.0,0.0,0.341982996101482,0.0,-5.7149133528881804e-05,0.0,0.03827252690657783,0.004185918446717937,-0.22506016136660906,0.0,0.0,0.0
921.0,12.535946855779098,-6.240177058014025,0.0,0.0,-2.0941813693930128e-05,0.0,0.0,-6.582159990853109,20.5794109308,0.0,0.0,0.341982932839084,0.0,-5.7550138817260946e-05,0.0,0.038272632011554245,0.0041856300382014655,-0.2250606446026863,0.0,0.0,0.0
922.0,12.535943613980782,-6.2401981187990625,0.0,0.0,-2.108518735878039e-05,0.0,0.0,-6.5821810045670635,20.5794109308,0.0,0.0,0.34198288576800095,0.0,-5.7944158563371315e-05,0.0,0.03827273777967646,0.004185340107650967,-0.2250611314575697,0.0,0.0,0.0
923.0,12.535940272120186,-6.240219305391842,0.0,0.0,-2.1225981016903038e-05,0.0,0.0,-6.582202160367822,20.5794109308,0.0,0.0,0.3419828549759796,0.0,-5.8331088866031824e-05,0.0,0.03827284419774602,0.004185048692957938,-0.22506162187378503,0.0,0.0,0.0
924.0,12.535936830150305,-6.240240615107902,0.0,0.0,-2.1364157056685685e-05,0.0,0.0,-6.582223455656555,20.5794109308,0.0,0.0,0.3419828405486527,0.0,-5.8710826368610326e-05,0.0,0.03827295125238336,0.004184755832472256,-0.2250621157929516,0.0,0.0,0.0
925.0,12.53593328804004,-6.240262045227412,0.0,0.0,-2.1499678072078645e-05,0.0,0.0,-6.582244887796924,20.5794109308,0.0,0.0,0.3419828425695126,0.0,-5.908326827885587e-05,0.0,0.0382730589300289,0.004184461564998521,-0.225062613155786,0.0,0.0,0.0
926.0,12.535929645774285,-6.2402835929954055,0.0,0.0,-2.1632506869821233e-05,0.0,0.0,-6.582266454115291,20.5794109308,0.0,0.0,0.3419828611198854,0.0,-5.944831238874679e-05,0.0,0.0382731672169443,0.004184165929792399,-0.2250631139021071,0.0,0.0,0.0
927.0,12.535925903354032,-6.240305255622028,0.0,0.0,-2.17626064766728e-05,0.0,0.0,-6.582288151900931,20.5794109308,0.0,0.0,0.3419828962789033,0.0,-5.9805857094352096e-05,0.0,0.038273276099213493,0.004183868966557022,-0.22506361797084012,0.0,0.0,0.0
928.0,12.535922060796455,-6.240327030282778,0.0,0.0,-2.1889940146655835e-05,0.0,0.0,-6.582309978406262,20.5794109308,0.0,0.0,0.3419829481234844,0.0,-6.0155801415726265e-05,0.0,0.03827338556274401,0.0041835707154389695,-0.2250641253000215,0.0,0.0,0.0
929.0,12.535918118135006,-6.24034891411877,0.0,0.0,-2.201447136829921e-05,0.0,0.0,-6.582331930847072,20.5794109308,0.0,0.0,0.3419830167283022,0.0,-6.049804501680459e-05,0.0,0.038273495593268266,0.004183271217024526,-0.2250646358268038,0.0,0.0,0.0
930.0,12.535914075419502,-6.240370904236994,0.0,0.0,-2.2136163871888067e-05,0.0,0.0,-6.582354006402757,20.5794109308,0.0,0.0,0.3419831021657629,0.0,-6.0832488225317125e-05,0.0,0.03827360617634471,0.004182970512335474,-0.22506514948746065,0.0,0.0,0.0
931.0,12.535909932716207,-6.240392997710587,0.0,0.0,-2.2254981636714928e-05,0.0,0.0,-6.582376202216567,20.5794109308,0.0,0.0,0.3419832045059801,0.0,-6.115903205270626e-05,0.0,0.03827371729735931,0.004182668642825224,-0.2250656662173921,0.0,0.0,0.0
932.0,12.535905690107924,-6.240415191579109,0.0,0.0,-2.237088889833376e-05,0.0,0.0,-6.58239851539586,20.5794109308,0.0,0.0,0.3419833238167511,0.0,-6.147757821405268e-05,0.0,0.038273828941526825,0.004182365650374387,-0.22506618595112987,0.0,0.0,0.0
933.0,12.535901347694073,-6.240437482848828,0.0,0.0,-2.248385015581533e-05,0.0,0.0,-6.58242094301236,20.5794109308,0.0,0.0,0.3419834601635321,0.0,-6.178802914800513e-05,0.0,0.03827394109389224,0.0041820615772865805,-0.22506670862234301,0.0,0.0,0.0
934.0,12.53589690559077,-6.240459868493011,0.0,0.0,-2.2593830179001012e-05,0.0,0.0,-6.582443482102424,20.5794109308,0.0,0.0,0.341983613609413,0.0,-6.20902880367062e-05,0.0,0.03827405373933218,0.004181756466284103,-0.22506723416384355,0.0,0.0,0.0
935.0,12.535892363930904,-6.240482345452223,0.0,0.0,-2.270079401575273e-05,0.0,0.0,-6.58246612966732,20.5794109308,0.0,0.0,0.34198378421509634,0.0,-6.238425882570797e-05,0.0,0.03827416686255637,0.004181450360503297,-0.22506776250759247,0.0,0.0,0.0
936.0,12.535887722864215,-6.240504910634632,0.0,0.0,-2.2804706999203987e-05,0.0,0.0,-6.582488882673502,20.5794109308,0.0,0.0,0.34198397203886977,0.0,-6.26698462438907e-05,0.0,0.03827428044810921,0.004181143303490079,-0.22506829358470576,0.0,0.0,0.0
937.0,12.535882982557368,-6.24052756091632,0.0,0.0,-2.2905534755004043e-05,0.0,0.0,-6.582511738052906,20.5794109308,0.0,0.0,0.34198417713658635,0.0,-6.294695582336322e-05,0.0,0.03827439448037123,0.004180835339195277,-0.2250688273254606,0.0,0.0,0.0
938.0,12.535878143194015,-6.240550293141602,0.0,0.0,-2.3003243208558297e-05,0.0,0.0,-6.582534692703241,20.5794109308,0.0,0.0,0.34198439956163895,0.0,-6.321549391935315e-05,0.0,0.038274508943560714,0.0041805265119698315,-0.22506936365930194,0.0,0.0,0.0
939.0,12.535873204974875,-6.2405731041233565,0.0,0.0,-2.309779859226009e-05,0.0,0.0,-6.582557743488296,20.5794109308,0.0,0.0,0.3419846393649397,0.0,-6.347536773007389e-05,0.0,0.0382746238217353,0.004180216866559908,-0.22506990251484885,0.0,0.0,0.0
940.0,12.53586816811779,-6.240595990643352,0.0,0.0,-2.3189167452718095e-05,0.0,0.0,-6.582580887238247,20.5794109308,0.0,0.0,0.3419848965948953,0.0,-6.372648531657979e-05,0.0,0.03827473909879363,0.004179906448102108,-0.22507044381990152,0.0,0.0,0.0
941.0,12.5358630328578,-6.2406189494525925,0.0,0.0,-2.3277316657969137e-05,0.0,0.0,-6.582604120749979,20.5794109308,0.0,0.0,0.34198517129738626,0.0,-6.396875562258173e-05,0.0,0.03827485475847702,0.004179595302118186,-0.225070987501448,0.0,0.0,0.0
942.0,12.535857799447188,-6.240641977271661,0.0,0.0,-2.336221340468862e-05,0.0,0.0,-6.582627440787406,20.5794109308,0.0,0.0,0.3419854635157451,0.0,-6.420208849425643e-05,0.0,0.03827497078437121,0.004179283474510201,-0.22507153348567135,0.0,0.0,0.0
943.0,12.535852468155554,-6.240665070791077,0.0,0.0,-2.3443825225382517e-05,0.0,0.0,-6.582650844081809,20.5794109308,0.0,0.0,0.3419857732907321,0.0,-6.44263947000055e-05,0.0,0.03827508715990808,0.00417897101155508,-0.2250720816979571,0.0,0.0,0.0
944.0,12.535847039269862,-6.240688226671653,0.0,0.0,-2.3522119995570666e-05,0.0,0.0,-6.582674327332169,20.5794109308,0.0,0.0,0.3419861006605167,0.0,-6.464158595019095e-05,0.0,0.038275203868367434,0.004178657959899426,-0.2250726320629003,0.0,0.0,0.0
945.0,12.535841513094502,-6.240711441544865,0.0,0.0,-2.359706594095518e-05,0.0,0.0,-6.582697887205521,20.5794109308,0.0,0.0,0.3419864456606563,0.0,-6.484757491683023e-05,0.0,0.03827532089287888,0.0041783443665540515,-0.22507318450431357,0.0,0.0,0.0
946.0,12.53583588995133,-6.240734712013228,0.0,0.0,-2.3668631644572893e-05,0.0,0.0,-6.5827215203373,20.5794109308,0.0,0.0,0.341986808324072,0.0,-6.504427525324775e-05,0.0,0.0382754382164236,0.0041780302788885365,-0.2250737389452346,0.0,0.0,0.0
947.0,12.535830170179723,-6.240758034650674,0.0,0.0,-2.37367860539347e-05,0.0,0.0,-6.582745223331708,20.5794109308,0.0,0.0,0.34198718868103395,0.0,-6.523160161369088e-05,0.0,0.03827555582183633,0.004177715744625651,-0.22507429530793416,0.0,0.0,0.0
948.0,12.535824354136631,-6.240781406002943,0.0,0.0,-2.3801498488141503e-05,0.0,0.0,-6.5827689927620785,20.5794109308,0.0,0.0,0.3419875867591351,0.0,-6.540946967288194e-05,0.0,0.03827567369180722,0.004177400811835694,-0.22507485351392434,0.0,0.0,0.0
949.0,12.535818442196609,-6.240804822587979,0.0,0.0,-2.3862738644987053e-05,0.0,0.0,-6.582792825171254,20.5794109308,0.0,0.0,0.34198800258327555,0.0,-6.557779614553474e-05,0.0,0.03827579180888381,0.0041770855289306325,-0.22507541348396665,0.0,0.0,0.0
950.0,12.535812434751866,-6.240828280896326,0.0,0.0,-2.3920476608038356e-05,0.0,0.0,-6.5828167170719665,20.5794109308,0.0,0.0,0.34198843617564023,0.0,-6.573649880580978e-05,0.0,0.03827591015547307,0.004176769944658418,-0.22507597513808064,0.0,0.0,0.0
951.0,12.535806332212301,-6.240851777391545,0.0,0.0,-2.3974682853694607e-05,0.0,0.0,-6.582840664947227,20.5794109308,0.0,0.0,0.341988887555682,0.0,-6.5885496506711e-05,0.0,0.038276028713843356,0.004176454108096958,-0.22507653839555247,0.0,0.0,0.0
952.0,12.535800135005537,-6.2408753085106214,0.0,0.0,-2.4025328258223037e-05,0.0,0.0,-6.582864665250723,20.5794109308,0.0,0.0,0.34198935674010134,0.0,-6.602470919941945e-05,0.0,0.03827614746612653,0.004176138068648097,-0.22507710317494367,0.0,0.0,0.0
953.0,12.535793843576958,-6.240898870664393,0.0,0.0,-2.407238410477221e-05,0.0,0.0,-6.58288871440722,20.5794109308,0.0,0.0,0.3419898437428275,0.0,-6.61540579525654e-05,0.0,0.038276266394320045,0.004175821876031521,-0.2250776693941003,0.0,0.0,0.0
954.0,12.535787458389736,-6.2409224602379725,0.0,0.0,-2.4115822090357833e-05,0.0,0.0,-6.582912808812974,20.5794109308,0.0,0.0,0.34199034857500177,0.0,-6.627346497142552e-05,0.0,0.03827638548028905,0.004175505580278613,-0.22507823697016177,0.0,0.0,0.0
955.0,12.53578097992486,-6.24094607359119,0.0,0.0,-2.4155614332828093e-05,0.0,0.0,-6.582936944836148,20.5794109308,0.0,0.0,0.341990871244958,0.0,-6.638285361706407e-05,0.0,0.03827650470576857,0.004175189231726051,-0.22507880581957035,0.0,0.0,0.0
956.0,12.535774408681164,-6.24096970705903,0.0,0.0,-2.419173337779227e-05,0.0,0.0,-6.582961118817236,20.5794109308,0.0,0.0,0.34199141175820635,0.0,-6.648214842537382e-05,0.0,0.038276624052365746,0.004174872881009567,-0.2250793758580807,0.0,0.0,0.0
957.0,12.535767745175342,-6.240993356952078,0.0,0.0,-2.422415220552829e-05,0.0,0.0,-6.582985327069493,20.5794109308,0.0,0.0,0.341991970117415,0.0,-6.657127512605945e-05,0.0,0.03827674350156199,0.004174556579057437,-0.22507994700076922,0.0,0.0,0.0
958.0,12.535760989941974,-6.241017019556983,0.0,0.0,-2.425284423785496e-05,0.0,0.0,-6.583009565879377,20.5794109308,0.0,0.0,0.34199254632239384,0.0,-6.665016066152446e-05,0.0,0.0382768630347153,0.004174240377083971,-0.22508051916204425,0.0,0.0,0.0
959.0,12.53575414353354,-6.24104069113691,0.0,0.0,-2.4277783344975113e-05,0.0,0.0,-6.583033831506989,20.5794109308,0.0,0.0,0.34199314037007866,0.0,-6.671873320567848e-05,0.0,0.03827698263306256,0.004173924326582881,-0.22508109225565553,0.0,0.0,0.0
960.0,12.535747206520435,-6.241064367932015,0.0,0.0,-2.429894385228514e-05,0.0,0.0,-6.583058120186529,20.5794109308,0.0,0.0,0.34199375225451334,0.0,-6.677692218265287e-05,0.0,0.038277102277721846,0.004173608479320481,-0.22508166619470488,0.0,0.0,0.0
961.0,12.53574017949098,-6.2410880461599145,0.0,0.0,-2.431630054715191e-05,0.0,0.0,-6.583082428126751,20.5794109308,0.0,0.0,0.3419943819668365,0.0,-6.68246582854271e-05,0.0,0.0382772219496948,0.004173292887329122,-0.22508224089165607,0.0,0.0,0.0
962.0,12.53573306305143,-6.241111722016169,0.0,0.0,-2.432982868565111e-05,0.0,0.0,-6.5831067515114325,20.5794109308,0.0,0.0,0.34199502949526384,0.0,-6.686187349434964e-05,0.0,0.03827734162986903,0.004172977602900141,-0.22508281625834536,0.0,0.0,0.0
963.0,12.535725857825975,-6.241135391674768,0.0,0.0,-2.4339503999270302e-05,0.0,0.0,-6.583131086499843,20.5794109308,0.0,0.0,0.34199569482507464,0.0,-6.688850109556234e-05,0.0,0.03827746129902053,0.004172662678576952,-0.22508339220599238,0.0,0.0,0.0
964.0,12.535718564456753,-6.241159051288626,0.0,0.0,-2.4345302701576995e-05,0.0,0.0,-6.583155429227222,20.5794109308,0.0,0.0,0.34199637793859594,0.0,-6.690447569932926e-05,0.0,0.038277580937816164,0.004172348167148052,-0.22508396864521046,0.0,0.0,0.0
965.0,12.535711183603839,-6.24118269699008,0.0,0.0,-2.4347201494842068e-05,0.0,0.0,-6.583179775805271,20.5794109308,0.0,0.0,0.3419970788151909,0.0,-6.690973325824323e-05,0.0,0.038277700526816116,0.004172034121639898,-0.22508454548601795,0.0,0.0,0.0
966.0,12.53570371594525,-6.241206324891395,0.0,0.0,-2.4345177576626013e-05,0.0,0.0,-6.583204122322636,20.5794109308,0.0,0.0,0.34199779743124115,0.0,-6.690421108533077e-05,0.0,0.03827782004647645,0.0041717205953096526,-0.22508512263784913,0.0,0.0,0.0
967.0,12.535696162176931,-6.241229931085276,0.0,0.0,-2.433920864632321e-05,0.0,0.0,-6.583228464845414,20.5794109308,0.0,0.0,0.34199853376013767,0.0,-6.688784787204227e-05,0.0,0.03827793947715165,0.004171407641638078,-0.22508570000956551,0.0,0.0,0.0
968.0,12.535688523012755,-6.2412535116453896,0.0,0.0,-2.4329272911660908e-05,0.0,0.0,-6.583252799417655,20.5794109308,0.0,0.0,0.34199928777226507,0.0,-6.686058370611812e-05,0.0,0.038278058799097195,0.004171095314321971,-0.22508627750946716,0.0,0.0,0.0
969.0,12.535680799184501,-6.241277062626882,0.0,0.0,-2.4315349095156096e-05,0.0,0.0,-6.583277122061871,20.5794109308,0.0,0.0,0.342000059434989,0.0,-6.682236008933963e-05,0.0,0.03827817799247221,0.004170783667266892,-0.2250868550453044,0.0,0.0,0.0
970.0,12.535672991441848,-6.2413005800669135,0.0,0.0,-2.4297416440524644e-05,0.0,0.0,-6.583301428779559,20.5794109308,0.0,0.0,0.3420008487126456,0.0,-6.677311995514948e-05,0.0,0.038278297037342104,0.004170472754579671,-0.22508743252428948,0.0,0.0,0.0
971.0,12.53566510055235,-6.241324059985193,0.0,0.0,-2.4275454719044574e-05,0.0,0.0,-6.583325715551723,20.5794109308,0.0,0.0,0.3420016555665297,0.0,-6.671280768614637e-05,0.0,0.03827841591368118,0.004170162630560706,-0.22508800985310834,0.0,0.0,0.0
972.0,12.535657127301421,-6.241347498384523,0.0,0.0,-2.424944423586997e-05,0.0,0.0,-6.583349978339403,20.5794109308,0.0,0.0,0.3420024799548802,0.0,-6.664136913144477e-05,0.0,0.03827853460137545,0.004169853349696426,-0.22508858693793288,0.0,0.0,0.0
973.0,12.535649072492308,-6.241370891251341,0.0,0.0,-2.4219365836296596e-05,0.0,0.0,-6.583374213084216,20.5794109308,0.0,0.0,0.3420033218328751,0.0,-6.655875162390238e-05,0.0,0.03827865308022532,0.004169544966651506,-0.22508916368443282,0.0,0.0,0.0
974.0,12.535640936946063,-6.24139423455628,0.0,0.0,-2.4185200911973734e-05,0.0,0.0,-6.583398415708895,20.5794109308,0.0,0.0,0.3420041811526149,0.0,-6.646490399720039e-05,0.0,0.03827877132994834,0.004169237536261125,-0.22508973999778845,0.0,0.0,0.0
975.0,12.535632721501512,-6.241417524254724,0.0,0.0,-2.4146931407068326e-05,0.0,0.0,-6.58342258211784,20.5794109308,0.0,0.0,0.3420050578631155,0.0,-6.635977660279312e-05,0.0,0.038278889330182066,0.004168931113523025,-0.2250903157827027,0.0,0.0,0.0
976.0,12.535624427015229,-6.241440756287375,0.0,0.0,-2.410453982436852e-05,0.0,0.0,-6.583446708197676,20.5794109308,0.0,0.0,0.34200595191030114,0.0,-6.624332132669172e-05,0.0,0.03827900706048678,0.004168625753589603,-0.22509089094341397,0.0,0.0,0.0
977.0,12.53561605436149,-6.2414639265808205,0.0,0.0,-2.40580092313407e-05,0.0,0.0,-6.583470789817812,20.5794109308,0.0,0.0,0.3420068632369917,0.0,-6.611549160612056e-05,0.0,0.03827912450034845,0.004168321511759915,-0.22509146538370894,0.0,0.0,0.0
978.0,12.535607604432244,-6.241487031048115,0.0,0.0,-2.4007323266121583e-05,0.0,0.0,-6.583494822831009,20.5794109308,0.0,0.0,0.3420077917828932,0.0,-6.597624244599566e-05,0.0,0.03827924162918156,0.004168018443471547,-0.22509203900693553,0.0,0.0,0.0
979.0,12.53559907813706,-6.24151006558936,0.0,0.0,-2.3952466143461027e-05,0.0,0.0,-6.583518803073952,20.5794109308,0.0,0.0,0.3420087374845924,0.0,-6.58255304352683e-05,0.0,0.03827935842633205,0.004167716604292451,-0.2250926117160157,0.0,0.0,0.0
980.0,12.535590476403094,-6.241533026092286,0.0,0.0,-2.389342266059925e-05,0.0,0.0,-6.583542726367836,20.5794109308,0.0,0.0,0.34200970027554956,0.0,-6.56633137630888e-05,0.0,0.03827947487108024,0.004167416049912845,-0.22509318341345902,0.0,0.0,0.0
981.0,12.535581800175027,-6.241555908432854,0.0,0.0,-2.3830178203088933e-05,0.0,0.0,-6.583566588518942,20.5794109308,0.0,0.0,0.34201068008608804,0.0,-6.548955223481939e-05,0.0,0.03827959094264377,0.004167116836136769,-0.22509375400137577,0.0,0.0,0.0
982.0,12.535573050415024,-6.241578708475848,0.0,0.0,-2.3762718750552504e-05,0.0,0.0,-6.583590385319237,20.5794109308,0.0,0.0,0.34201167684338873,0.0,-6.530420728786954e-05,0.0,0.03827970662018064,0.00416681901887378,-0.22509432338149066,0.0,0.0,0.0
983.0,12.535564228102677,-6.241601422075479,0.0,0.0,-2.369103088237879e-05,0.0,0.0,-6.5836141125469645,20.5794109308,0.0,0.0,0.34201269047148575,0.0,-6.510724200736507e-05,0.0,0.038279821882792206,0.004166522654130575,-0.22509489145515627,0.0,0.0,0.0
984.0,12.53555533423494,-6.2416240450759926,0.0,0.0,-2.361510178335351e-05,0.0,0.0,-6.583637765967251,20.5794109308,0.0,0.0,0.34201372089125837,0.0,-6.489862114163608e-05,0.0,0.03827993670952625,0.00416622779800252,-0.22509545812336695,0.0,0.0,0.0
985.0,12.53554636982608,-6.241646573312286,0.0,0.0,-2.3534919249227287e-05,0.0,0.0,-6.5836613413327125,20.5794109308,0.0,0.0,0.34201476802042663,0.0,-6.46783111175336e-05,0.0,0.038280051079380026,0.00416593450666497,-0.2250960232867727,0.0,0.0,0.0
986.0,12.5355373359076,-6.241669002610524,0.0,0.0,-2.3450471692215605e-05,0.0,0.0,-6.583684834384068,20.5794109308,0.0,0.0,0.3420158317735442,0.0,-6.444628005555984e-05,0.0,0.03828016497130339,0.004165642836364836,-0.22509658684569317,0.0,0.0,0.0
987.0,12.535528233528185,-6.241691328788764,0.0,0.0,-2.3361748146428793e-05,0.0,0.0,-6.58370824085076,20.5794109308,0.0,0.0,0.3420169120619967,0.0,-6.420249778480645e-05,0.0,0.03828027836420189,0.004165352843411754,-0.22509714870013206,0.0,0.0,0.0
988.0,12.53551906375362,-6.241713547657582,0.0,0.0,-2.326873827323959e-05,0.0,0.0,-6.583731556451578,20.5794109308,0.0,0.0,0.34201800879399613,0.0,-6.394693585772199e-05,0.0,0.038280391236939965,0.004165064584169417,-0.2250977087497912,0.0,0.0,0.0
989.0,12.535509827666724,-6.24173565502071,0.0,0.0,-2.3171432366571025e-05,0.0,0.0,-6.583754776895288,20.5794109308,0.0,0.0,0.3420191218745785,0.0,-6.367956756466074e-05,0.0,0.03828050356834406,0.004164778115046869,-0.22509826689408508,0.0,0.0,0.0
990.0,12.535500526367269,-6.24175764667567,0.0,0.0,-2.3069821358121144e-05,0.0,0.0,-6.58377789788127,20.5794109308,0.0,0.0,0.3420202512056001,0.0,-6.340036794825854e-05,0.0,0.03828061533720588,0.004164493492489513,-0.22509882303215548,0.0,0.0,0.0
991.0,12.535491160971903,-6.241779518414419,0.0,0.0,-2.2963896822508973e-05,0.0,0.0,-6.583800915100155,20.5794109308,0.0,0.0,0.3420213966857357,0.0,-6.310931381759261e-05,0.0,0.03828072652228559,0.004164210772970273,-0.22509937706288616,0.0,0.0,0.0
992.0,12.535481732614064,-6.241801266023998,0.0,0.0,-2.285365098235085e-05,0.0,0.0,-6.583823824234472,20.5794109308,0.0,0.0,0.34202255821047434,0.0,-6.280638376215055e-05,0.0,0.038280837102315064,0.004163930012980682,-0.2250999288849177,0.0,0.0,0.0
993.0,12.535472242443896,-6.2418228852871795,0.0,0.0,-2.2739076713257427e-05,0.0,0.0,-6.583846620959302,20.5794109308,0.0,0.0,0.3420237356721225,0.0,-6.249155816558176e-05,0.0,0.038280947056001165,0.004163651269021712,-0.22510047839666236,0.0,0.0,0.0
994.0,12.53546269162816,-6.241844371983129,0.0,0.0,-2.2620167548755364e-05,0.0,0.0,-6.5838693009429266,20.5794109308,0.0,0.0,0.3420249289597974,0.0,-6.21648192192424e-05,0.0,0.03828105636202905,0.004163374597594888,-0.22510102549631952,0.0,0.0,0.0
995.0,12.535453081350136,-6.241865721888063,0.0,0.0,-2.249691768513362e-05,0.0,0.0,-6.583891859847492,20.5794109308,0.0,0.0,0.3420261379594294,0.0,-6.18261509355336e-05,0.0,0.038281164999065434,0.004163100055193006,-0.22510157008189027,0.0,0.0,0.0
996.0,12.535443412809535,-6.241886930775912,0.0,0.0,-2.2369321986207115e-05,0.0,0.0,-6.583914293329677,20.5794109308,0.0,0.0,0.34202736255376465,0.0,-6.147553916101301e-05,0.0,0.038281272945761995,0.004162827698291113,-0.22510211205119332,0.0,0.0,0.0
997.0,12.535433687222394,-6.241907994418997,0.0,0.0,-2.2237375988001662e-05,0.0,0.0,-6.583936597041357,20.5794109308,0.0,0.0,0.34202860262236,0.0,-6.111297158929051e-05,0.0,0.038281380180758696,0.004162557583337084,-0.22510265130188023,0.0,0.0,0.0
998.0,12.535423905820975,-6.241928908588695,0.0,0.0,-2.2101075903356504e-05,0.0,0.0,-6.583958766630284,20.5794109308,0.0,0.0,0.34202985804158903,0.0,-6.073843777369784e-05,0.0,0.0382814866826872,0.004162289766742641,-0.2251031877314509,0.0,0.0,0.0
999.0,12.53541406985366,-6.241949669056119,0.0,0.0,-2.1960418626446428e-05,0.0,0.0,-6.583980797740759,20.5794109308,0.0,0.0,0.34203112868464025,0.0,-6.0351929139737736e-05,0.0,0.038281592430174205,0.0041620243048736405,-0.22510372123726935,0.0,0.0,0.0
1000.0,12.535404180584843,-6.241970271592804,0.0,0.0,-2.1815401737214774e-05,0.0,0.0,-6.584002686014324,20.5794109308,0.0,0.0,0.34203241442152077,0.0,-5.995343899728853e-05,0.0,0.03828169740184494,0.00416176125404108,-0.22510425171657938,0.0,0.0,0.0
1001.0,12.535394239294817,-6.241990711971384,0.0,0.0,-2.166602350572985e-05,0.0,0.0,-6.584024427090445,20.5794109308,0.0,0.0,0.34203371511906067,0.0,-5.954296255259875e-05,0.0,0.038281801576326616,0.004161500670491439,-0.2251047790665207,0.0,0.0,0.0
1002.0,12.535384247279659,-6.242010985966291,0.0,0.0,-2.151228289644382e-05,0.0,0.0,-6.584046016607203,20.5794109308,0.0,0.0,0.34203503064091123,0.0,-5.9120496920014045e-05,0.0,0.038281904932251795,0.004161242610397367,-0.22510530318414476,0.0,0.0,0.0
1003.0,12.53537420585111,-6.2420310893544375,0.0,0.0,-2.1354179572375208e-05,0.0,0.0,-6.584067450201992,20.5794109308,0.0,0.0,0.34203636084755473,0.0,-5.868604113349465e-05,0.0,0.038282007448261955,0.004160987129848109,-0.22510582396643086,0.0,0.0,0.0
1004.0,12.535364116336456,-6.24205101791592,0.0,0.0,-2.1191713899192655e-05,0.0,0.0,-6.584088723512223,20.5794109308,0.0,0.0,0.34203770559630264,0.0,-5.8239596157861774e-05,0.0,0.038282109103010976,0.0041607342848399426,-0.22510634131030238,0.0,0.0,0.0
1005.0,12.535353980078405,-6.242070767434717,0.0,0.0,-2.1024886949215933e-05,0.0,0.0,-6.584109832176024,20.5794109308,0.0,0.0,0.3420390647413072,0.0,-5.77811648998171e-05,0.0,0.038282209875168643,0.004160484131266698,-0.22510685511264325,0.0,0.0,0.0
1006.0,12.535343798434951,-6.24209033369939,0.0,0.0,-2.0853700505322397e-05,0.0,0.0,-6.58413077183295,20.5794109308,0.0,0.0,0.34204043813355955,0.0,-5.731075221870267e-05,0.0,0.038282309743424205,0.004160236724909977,-0.2251073652703142,0.0,0.0,0.0
1007.0,12.535333572779251,-6.242109712503794,0.0,0.0,-2.0678157064762398e-05,0.0,0.0,-6.5841515381246944,20.5794109308,0.0,0.0,0.3420418256209006,0.0,-5.6828364937010954e-05,0.0,0.03828240868648988,0.0041599921214297425,-0.22510787168016927,0.0,0.0,0.0
1008.0,12.535323304499489,-6.242128899647785,0.0,0.0,-2.0498259842879583e-05,0.0,0.0,-6.58417212669581,20.5794109308,0.0,0.0,0.34204322704802514,0.0,-5.633401185063391e-05,0.0,0.03828250668310451,0.0041597503763543126,-0.22510837423907265,0.0,0.0,0.0
1009.0,12.535312994998732,-6.242147890937932,0.0,0.0,-2.031401277674153e-05,0.0,0.0,-6.5841925331944235,20.5794109308,0.0,0.0,0.3420446422564911,0.0,-5.582770373886596e-05,0.0,0.03828260371203705,0.004159511545070951,-0.22510887284391518,0.0,0.0,0.0
1010.0,12.535302645694797,-6.2421666821882384,0.0,0.0,-2.0125420528665707e-05,0.0,0.0,-6.584212753272961,20.5794109308,0.0,0.0,0.34204607108472285,0.0,-5.530945337411953e-05,0.0,0.03828269975209026,0.004159275682815822,-0.22510936739163118,0.0,0.0,0.0
1011.0,12.535292258020105,-6.242185269220852,0.0,0.0,-1.9932488489657224e-05,0.0,0.0,-6.584232782588876,20.5794109308,0.0,0.0,0.34204751336802364,0.0,-5.477927553139863e-05,0.0,0.03828279478210426,0.004159042844664451,-0.22510985777921536,0.0,0.0,0.0
1012.0,12.53528183342153,-6.242203647866794,0.0,0.0,-1.973522278274455e-05,0.0,0.0,-6.584252616805376,20.5794109308,0.0,0.0,0.34204896893858194,0.0,-5.423718699749215e-05,0.0,0.03828288878096019,0.0041588130855216565,-0.22511034390373996,0.0,0.0,0.0
1013.0,12.535271373360253,-6.2422218139666805,0.0,0.0,-1.9533630266216944e-05,0.0,0.0,-6.584272251592163,20.5794109308,0.0,0.0,0.34205043762548204,0.0,-5.368320657989749e-05,0.0,0.038282981727583855,0.004158586460111913,-0.2251108256623715,0.0,0.0,0.0
1014.0,12.535260879311606,-6.242239763371452,0.0,0.0,-1.9327718536759426e-05,0.0,0.0,-6.584291682626162,20.5794109308,0.0,0.0,0.34205191925471023,0.0,-5.3117355115462745e-05,0.0,0.03828307360094939,0.004158363022969291,-0.22511130295238826,0.0,0.0,0.0
1015.0,12.535250352764916,-6.2422574919431,0.0,0.0,-1.9117495932492592e-05,0.0,0.0,-6.584310905592269,20.5794109308,0.0,0.0,0.3420534136491691,0.0,-5.253965547876769e-05,0.0,0.03828316438008294,0.004158142828427733,-0.2251117756711973,0.0,0.0,0.0
1016.0,12.535239795223346,-6.2422749955554,0.0,0.0,-1.8902971535903166e-05,0.0,0.0,-6.584329916184088,20.5794109308,0.0,0.0,0.34205492062868803,0.0,-5.1950132590204775e-05,0.0,0.0382832540440663,0.004157925930610956,-0.2251122437163518,0.0,0.0,0.0
1017.0,12.535229208203729,-6.242292270094648,0.0,0.0,-1.8684155176675098e-05,0.0,0.0,-6.5843487101046785,20.5794109308,0.0,0.0,0.34205644001003055,0.0,-5.1348813423786895e-05,0.0,0.038283342572040704,0.004157712383422579,-0.22511270698556862,0.0,0.0,0.0
1018.0,12.535218593236408,-6.242309311460395,0.0,0.0,-1.8461057434414932e-05,0.0,0.0,-6.584367283067305,20.5794109308,0.0,0.0,0.3420579716069101,0.0,-5.073572701466492e-05,0.0,0.038283429943210455,0.004157502240536112,-0.22511316537674547,0.0,0.0,0.0
1019.0,12.535207951865058,-6.242326115566185,0.0,0.0,-1.8233689641273453e-05,0.0,0.0,-6.584385630796189,20.5794109308,0.0,0.0,0.34205951523000344,0.0,-5.011090446636035e-05,0.0,0.038283516136846676,0.004157295555385007,-0.22511361878797875,0.0,0.0,0.0
1020.0,12.535197285646518,-6.2423426783403,0.0,0.0,-1.8002063884456134e-05,0.0,0.0,-6.584403749027258,20.5794109308,0.0,0.0,0.3420610706869578,0.0,-4.947437895769247e-05,0.0,0.03828360113229106,0.004157092381152569,-0.2251140671175808,0.0,0.0,0.0
1021.0,12.535186596150618,-6.242358995726497,0.0,0.0,-1.7766193008631974e-05,0.0,0.0,-6.584421633508909,20.5794109308,0.0,0.0,0.3420626377824121,0.0,-4.882618574942652e-05,0.0,0.0382836849089596,0.004156892770762061,-0.225114510264098,0.0,0.0,0.0
1022.0,12.535175884959997,-6.242375063684756,0.0,0.0,-1.7526090618230294e-05,0.0,0.0,-6.584439280002762,20.5794109308,0.0,0.0,0.3420642163180059,0.0,-4.8166362190614e-05,0.0,0.03828376744634633,0.0041566967768664476,-0.22511494812632815,0.0,0.0,0.0
1023.0,12.535165153669924,-6.242390878192025,0.0,0.0,-1.7281771079627455e-05,0.0,0.0,-6.584456684284421,20.5794109308,0.0,0.0,0.34206580609239623,0.0,-4.749494772463074e-05,0.0,0.03828384872402711,0.004156504451838489,-0.2251153806033383,0.0,0.0,0.0
1024.0,12.535154403888106,-6.24240643524297,0.0,0.0,-1.7033249523224797e-05,0.0,0.0,-6.584473842144241,20.5794109308,0.0,0.0,0.342067406901271,0.0,-4.6811983894915915e-05,0.0,0.03828392872166338,0.004156315847760619,-0.22511580759448288,0.0,0.0,0.0
1025.0,12.535143637234508,-6.242421730850718,0.0,0.0,-1.6780541845415015e-05,0.0,0.0,-6.5844907493880855,20.5794109308,0.0,0.0,0.3420690185373676,0.0,-4.611751435040476e-05,0.0,0.03828400741900594,0.004156131016414863,-0.2251162289994213,0.0,0.0,0.0
1026.0,12.53513285534116,-6.242436761047616,0.0,0.0,-1.652366471043438e-05,0.0,0.0,-6.584507401838104,20.5794109308,0.0,0.0,0.3420706407904879,0.0,-4.541158485064751e-05,0.0,0.038284084795898767,0.004155950009272685,-0.22511664471813608,0.0,0.0,0.0
1027.0,12.535122059851961,-6.242451521885975,0.0,0.0,-1.62626355521026e-05,0.0,0.0,-6.58452379533349,20.5794109308,0.0,0.0,0.34207227344751434,0.0,-4.469424327061966e-05,0.0,0.038284160832282754,0.0041557728774849895,-0.22511705465095083,0.0,0.0,0.0
1028.0,12.535111252422482,-6.24246600943883,0.0,0.0,-1.59974725754495e-05,0.0,0.0,-6.584539925731259,20.5794109308,0.0,0.0,0.34207391629242956,0.0,-4.396553960522126e-05,0.0,0.03828423550819955,0.004155599671871887,-0.22511745869854827,0.0,0.0,0.0
1029.0,12.535100434719768,-6.242480219800685,0.0,0.0,-1.5728194758221526e-05,0.0,0.0,-6.584555788907018,20.5794109308,0.0,0.0,0.3420755691063331,0.0,-4.322552597344585e-05,0.0,0.03828430880379536,0.004155430442912722,-0.22511785676198848,0.0,0.0,0.0
1030.0,12.535089608422133,-6.242494149088275,0.0,0.0,-1.545482185227876e-05,0.0,0.0,-6.584571380755737,20.5794109308,0.0,0.0,0.34207723166746185,0.0,-4.2474256622248584e-05,0.0,0.038284380699324716,0.004155265240735798,-0.22511824874272685,0.0,0.0,0.0
1031.0,12.535078775218956,-6.24250779344132,0.0,0.0,-1.5177374384871665e-05,0.0,0.0,-6.584586697192527,20.5794109308,0.0,0.0,0.3420789037512071,0.0,-4.17117879300839e-05,0.0,0.038284451175154374,0.0041551041151083185,-0.22511863454263237,0.0,0.0,0.0
1032.0,12.535067936810469,-6.242521149023278,0.0,0.0,-1.4895873659795432e-05,0.0,0.0,-6.584601734153412,20.5794109308,0.0,0.0,0.34208058513013384,0.0,-4.0938178410106506e-05,0.0,0.03828452021176702,0.004154947115426327,-0.22511901406400597,0.0,0.0,0.0
1033.0,12.535057094907549,-6.242534212022107,0.0,0.0,-1.461034175843432e-05,0.0,0.0,-6.5846164875961115,20.5794109308,0.0,0.0,0.34208227557400495,0.0,-4.0153488713070324e-05,0.0,0.03828458778976522,0.004154794290704492,-0.2251193872095987,0.0,0.0,0.0
1034.0,12.535046251231496,-6.242546978651014,0.0,0.0,-1.4320801540679522e-05,0.0,0.0,-6.584630953500814,20.5794109308,0.0,0.0,0.3420839748497997,0.0,-3.935778162987956e-05,0.0,0.038284653889875106,0.004154645689566042,-0.22511975388262992,0.0,0.0,0.0
1035.0,12.535035407513824,-6.242559445149223,0.0,0.0,-1.4027276645728579e-05,0.0,0.0,-6.584645127870958,20.5794109308,0.0,0.0,0.3420856827217351,0.0,-3.855112209381421e-05,0.0,0.03828471849295034,0.004154501360232626,-0.22512011398680581,0.0,0.0,0.0
1036.0,12.535024565496036,-6.242571607782723,0.0,0.0,-1.3729791492761806e-05,0.0,0.0,-6.584659006734011,20.5794109308,0.0,0.0,0.34208739895128826,0.0,-3.7733577182417515e-05,0.0,0.038284781579975856,0.004154361350514252,-0.22512046742633782,0.0,0.0,0.0
1037.0,12.535013726929398,-6.242583462845029,0.0,0.0,-1.3428371281500855e-05,0.0,0.0,-6.584672586142249,20.5794109308,0.0,0.0,0.3420891232972201,0.0,-3.690521611905931e-05,0.0,0.03828484313207166,0.004154225707799122,-0.22512081410596058,0.0,0.0,0.0
1038.0,12.535002893574715,-6.242595006657941,0.0,0.0,-1.312304199263918e-05,0.0,0.0,-6.584685862173539,20.5794109308,0.0,0.0,0.3420908555155977,0.0,-3.606611027414719e-05,0.0,0.038284903130496754,0.00415409447904358,-0.22512115393095083,0.0,0.0,0.0
1039.0,12.534992067202102,-6.242606235572301,0.0,0.0,-1.281383038815049e-05,0.0,0.0,-6.58469883093212,20.5794109308,0.0,0.0,0.3420925953598193,0.0,-3.521633316600224e-05,0.0,0.038284961556652924,0.004153967710762083,-0.22512148680714564,0.0,0.0,0.0
1040.0,12.534981249590752,-6.242617145968746,0.0,0.0,-1.2500764011473287e-05,0.0,0.0,-6.584711488549383,20.5794109308,0.0,0.0,0.3420943425806371,0.0,-3.435596046139398e-05,0.0,0.03828501839208855,0.004153845449017063,-0.22512181264096073,0.0,0.0,0.0
1041.0,12.534970442528698,-6.24262773425847,0.0,0.0,-1.2183871187570568e-05,0.0,0.0,-6.584723831184652,20.5794109308,0.0,0.0,0.34209609692618237,0.0,-3.348506997573203e-05,0.0,0.03828507361850241,0.0041537277394088495,-0.22512213133940928,0.0,0.0,0.0
1042.0,12.534959647812581,-6.242637996883976,0.0,0.0,-1.1863181022861226e-05,0.0,0.0,-6.584735855025969,20.5794109308,0.0,0.0,0.3420978581419938,0.0,-3.2603741672904976e-05,0.0,0.038285127217747586,0.004153614627065788,-0.22512244281011984,0.0,0.0,0.0
1043.0,12.534948867247403,-6.2426479303198334,0.0,0.0,-1.1538723405026562e-05,0.0,0.0,-6.584747556290872,20.5794109308,0.0,0.0,0.3420996259710387,0.0,-3.171205766477575e-05,0.0,0.03828517917183523,0.004153506156634124,-0.22512274696135542,0.0,0.0,0.0
1044.0,12.534938102646286,-6.242657531073432,0.0,0.0,-1.1210529002688537e-05,0.0,0.0,-6.584758931227176,20.5794109308,0.0,0.0,0.34210140015374435,0.0,-3.0810102210324255e-05,0.0,0.03828522946293834,0.004153402372267925,-0.22512304370203143,0.0,0.0,0.0
1045.0,12.53492735583023,-6.242666795685734,0.0,0.0,-1.087862926495932e-05,0.0,0.0,-6.584769976113757,20.5794109308,0.0,0.0,0.34210318042802257,0.0,-2.9897961714435988e-05,0.0,0.038285278073395684,0.004153303317619331,-0.22512333294173453,0.0,0.0,0.0
1046.0,12.53491662862786,-6.242675720732028,0.0,0.0,-1.0543056420865e-05,0.0,0.0,-6.584780687261328,20.5794109308,0.0,0.0,0.3421049665293001,0.0,-2.8975724726344515e-05,0.0,0.03828532498571551,0.004153209035828401,-0.2251236145907409,0.0,0.0,0.0
1047.0,12.534905922875174,-6.24268430282268,0.0,0.0,-1.0203843478634235e-05,0.0,0.0,-6.584791061013224,20.5794109308,0.0,0.0,0.3421067581905435,0.0,-2.8043481937702456e-05,0.0,0.03828537018257939,0.0041531195695132805,-0.2251238885600348,0.0,0.0,0.0
1048.0,12.534895240415292,-6.242692538603883,0.0,0.0,-9.861024224861921e-06,0.0,0.0,-6.584801093746173,20.5794109308,0.0,0.0,0.34210855514229,0.0,-2.710132618030865e-05,0.0,0.03828541364684601,0.0041530349607603045,-0.22512415476132705,0.0,0.0,0.0
1049.0,12.534884583098199,-6.242700424758405,0.0,0.0,-9.514633223540332e-06,0.0,0.0,-6.584810781871083,20.5794109308,0.0,0.0,0.342110357112678,0.0,-2.6149352423470706e-05,0.0,0.038285455361554976,0.004152955251114157,-0.22512441310707332,0.0,0.0,0.0
1050.0,12.534873952780485,-6.242707958006335,0.0,0.0,-9.164705814957359e-06,0.0,0.0,-6.584820121833809,20.5794109308,0.0,0.0,0.34211216382747445,0.0,-2.5187657771001927e-05,0.0,0.03828549530993057,0.004152880481567936,-0.22512466351049273,0.0,0.0,0.0
1051.0,12.534863351325082,-6.242715135105832,0.0,0.0,-8.811278114466785e-06,0.0,0.0,-6.5848291101159395,20.5794109308,0.0,0.0,0.34211397501010765,0.0,-2.4216341457866163e-05,0.0,0.03828553347538553,0.004152810692553521,-0.22512490588558637,0.0,0.0,0.0
1052.0,12.534852780601003,-6.242721952853863,0.0,0.0,-8.454387011119655e-06,0.0,0.0,-6.584837743235561,20.5794109308,0.0,0.0,0.3421157903816985,0.0,-2.323550484644045e-05,0.0,0.038285569841524855,0.004152745923931597,-0.22512514014715534,0.0,0.0,0.0
1053.0,12.534842242483073,-6.242728408086947,0.0,0.0,-8.094070166169733e-06,0.0,0.0,-6.584846017748039,20.5794109308,0.0,0.0,0.3421176096610923,0.0,-2.2245251422431202e-05,0.0,0.03828560439214951,0.004152686214982063,-0.2251253662108194,0.0,0.0,0.0
1054.0,12.534831738851658,-6.242734497681895,0.0,0.0,-7.730366011440154e-06,0.0,0.0,-6.584853930246783,20.5794109308,0.0,0.0,0.3421194325648873,0.0,-2.1245686790408457e-05,0.0,0.038285637111260186,0.004152631604394316,-0.2251255839930354,0.0,0.0,0.0
1055.0,12.5348212715924,-6.242740218556546,0.0,0.0,-7.363313747558773e-06,0.0,0.0,-6.584861477364018,20.5794109308,0.0,0.0,0.342121258807472,0.0,-2.0236918668978712e-05,0.0,0.03828566798306106,0.004152582130257598,-0.22512579341111527,0.0,0.0,0.0
1056.0,12.534810842595935,-6.2427455676704975,0.0,0.0,-6.992953342057589e-06,0.0,0.0,-6.5848686557715554,20.5794109308,0.0,0.0,0.34212308810105796,0.0,-1.921905688558381e-05,0.0,0.03828569699196349,0.004152537830051303,-0.2251259943832446,0.0,0.0,0.0
1057.0,12.534800453757624,-6.242750542025846,0.0,0.0,-6.619325527339745e-06,0.0,0.0,-6.584875462181557,20.5794109308,0.0,0.0,0.3421249201557117,0.0,-1.8192213370935213e-05,0.0,0.03828572412258978,0.00415249874063553,-0.22512618682850086,0.0,0.0,0.0
1058.0,12.534790106977267,-6.242755138667907,0.0,0.0,-6.242471798505334e-06,0.0,0.0,-6.584881893347298,20.5794109308,0.0,0.0,0.34212675467939047,0.0,-1.715650215305985e-05,0.0,0.0382857493597768,0.004152464898241434,-0.2251263706668714,0.0,0.0,0.0
1059.0,12.534779804158829,-6.24275935468595,0.0,0.0,-5.862434411048669e-06,0.0,0.0,-6.584887946063927,20.5794109308,0.0,0.0,0.3421285913779766,0.0,-1.6112039350991986e-05,0.0,0.03828577268857971,0.0041524363384618235,-0.22512654581927194,0.0,0.0,0.0
1060.0,12.534769547210148,-6.242763187213916,0.0,0.0,-5.479256378413486e-06,0.0,0.0,-6.58489361716923,20.5794109308,0.0,0.0,0.3421304299553132,0.0,-1.5058943168074185e-05,0.0,0.03828579409427569,0.004152413096241814,-0.22512671220756436,0.0,0.0,0.0
1061.0,12.53475933804266,-6.242766633431142,0.0,0.0,-5.0929814694123354e-06,0.0,0.0,-6.584898903544383,20.5794109308,0.0,0.0,0.34213227011324143,0.0,-1.3997333884884343e-05,0.0,0.0382858135623675,0.004152395205869172,-0.22512686975457513,0.0,0.0,0.0
1062.0,12.5347491785711,-6.242769690563073,0.0,0.0,-4.703654205513879e-06,0.0,0.0,-6.584903802114709,20.5794109308,0.0,0.0,0.3421341115516352,0.0,-1.29273338517991e-05,0.0,0.0382858310785872,0.004152382700965296,-0.22512701838411298,0.0,0.0,0.0
1063.0,12.534739070713224,-6.242772355881985,0.0,0.0,-4.311319857984015e-06,0.0,0.0,-6.584908309850425,20.5794109308,0.0,0.0,0.3421359539684401,0.0,-1.184906748115486e-05,0.0,0.03828584662889971,0.004152375614475748,-0.22512715802098726,0.0,0.0,0.0
1064.0,12.534729016389504,-6.2427746267076865,0.0,0.0,-3.916024444897623e-06,0.0,0.0,-6.584912423767395,20.5794109308,0.0,0.0,0.34213779705970815,0.0,-1.0762661239052592e-05,0.0,0.03828586019950651,0.004152373978661111,-0.22512728859102554,0.0,0.0,0.0
1065.0,12.534719017522844,-6.242776500408231,0.0,0.0,-3.51781472800782e-06,0.0,0.0,-6.584916140927872,20.5794109308,0.0,0.0,0.3421396405196404,0.0,-9.66824363677034e-06,0.0,0.038285871776849126,0.004152377825087802,-0.2251274100210915,0.0,0.0,0.0
1066.0,12.534709076038279,-6.24277797440062,0.0,0.0,-3.1167382094769903e-06,0.0,0.0,-6.584919458441242,20.5794109308,0.0,0.0,0.3421414840406216,0.0,-8.565945221795144e-06,0.0,0.038285881347612793,0.004152387184619008,-0.2251275222391029,0.0,0.0,0.0
1067.0,12.534699193862677,-6.2427790461515,0.0,0.0,-2.712843128471701e-06,0.0,0.0,-6.584922373464761,20.5794109308,0.0,0.0,0.342143327313261,0.0,-7.455898568480157e-06,0.0,0.03828588889872995,0.0041524020874055545,-0.22512762517404922,0.0,0.0,0.0
1068.0,12.534689372924436,-6.24277971317786,0.0,0.0,-2.306178457613794e-06,0.0,0.0,-6.584924883204294,20.5794109308,0.0,0.0,0.3421451700264333,0.0,-6.338238268305762e-06,0.0,0.03828589441738384,0.004152422562877067,-0.22512771875600918,0.0,0.0,0.0
1069.0,12.534679615153191,-6.242779973047724,0.0,0.0,-1.8967938992986498e-06,0.0,0.0,-6.58492698491504,20.5794109308,0.0,0.0,0.3421470118673158,0.0,-5.2131009197748765e-06,0.0,0.03828589789101193,0.0041524486397329224,-0.22512780291616857,0.0,0.0,0.0
1070.0,12.534669922479496,-6.242779823380833,0.0,0.0,-1.4847398818712383e-06,0.0,0.0,-6.5849286759022645,20.5794109308,0.0,0.0,0.3421488525214311,0.0,-4.080625117916649e-06,0.0,0.03828589930730954,0.004152480345933504,-0.22512787758683744,0.0,0.0,0.0
1071.0,12.534660296834529,-6.242779261849336,0.0,0.0,-1.0700675556585117e-06,0.0,0.0,-6.584929953522026,20.5794109308,0.0,0.0,0.34215069167268997,0.0,-2.940951443394539e-06,0.0,0.03828589865423317,0.004152517708691364,-0.22512794270146783,0.0,0.0,0.0
1072.0,12.534650740149777,-6.242778286178459,0.0,0.0,-6.528287888709266e-07,0.0,0.0,-6.584930815181888,20.5794109308,0.0,0.0,0.3421525290034291,0.0,-1.7942224512539302e-06,0.0,0.03828589592000408,0.004152560754462506,-0.2251279981946709,0.0,0.0,0.0
1073.0,12.53464125435673,-6.242776894147186,0.0,0.0,-2.3307616335602057e-07,0.0,0.0,-6.584931258341643,20.5794109308,0.0,0.0,0.34215436419445755,0.0,-6.405826592623114e-07,0.0,0.03828589109311163,0.004152609508937852,-0.22512804400223418,0.0,0.0,0.0
1074.0,12.534631841386568,-6.242775083588923,0.0,0.0,1.8913702978306463e-07,0.0,0.0,-6.584931280514018,20.5794109308,0.0,0.0,0.342156196925095,0.0,5.198214641225401e-07,0.0,0.038285884162316715,0.004152663997034539,-0.22512808006113894,0.0,0.0,0.0
1075.0,12.53462250316985,-6.242772852392166,0.0,0.0,6.137567947113009e-07,0.0,0.0,-6.584930879265386,20.5794109308,0.0,0.0,0.3421580268732196,0.0,1.6868415121761571e-06,0.0,0.03828587511665517,0.004152724242887512,-0.22512810630957691,0.0,0.0,0.0
1076.0,12.53461324163619,-6.242770198501156,0.0,0.0,1.0407284355243942e-06,0.0,0.0,-6.584930052216463,20.5794109308,0.0,0.0,0.342159853715307,0.0,2.8603271527135962e-06,0.0,0.038285863945441104,0.004152790269841181,-0.2251281226869677,0.0,0.0,0.0
1077.0,12.534604058713953,-6.242767119916533,0.0,0.0,1.4699965610517033e-06,0.0,0.0,-6.584928797043013,20.5794109308,0.0,0.0,0.34216167712647927,0.0,4.040126141282119e-06,0.0,0.0382858506382702,0.004152862100440885,-0.22512812913397504,0.0,0.0,0.0
1078.0,12.534594956329926,-6.242763614695987,0.0,0.0,1.9015050898005864e-06,0.0,0.0,-6.584927111476532,20.5794109308,0.0,0.0,0.3421634967805458,0.0,5.226084334743459e-06,0.0,0.038285835185023105,0.0041529397564248755,-0.22512812559252424,0.0,0.0,0.0
1079.0,12.534585936409004,-6.2427596809548955,0.0,0.0,2.335197255039527e-06,0.0,0.0,-6.584924993304947,20.5794109308,0.0,0.0,0.3421653123500512,0.0,6.4180457052384214e-06,0.0,0.03828581757586859,0.004153023258716096,-0.2251281120058183,0.0,0.0,0.0
1080.0,12.534577000873865,-6.242755316866968,0.0,0.0,2.771015610022868e-06,0.0,0.0,-6.584922440373285,20.5794109308,0.0,0.0,0.34216712350631706,0.0,7.615852354541567e-06,0.0,0.03828579780126692,0.004153112627413899,-0.2251280883183548,0.0,0.0,0.0
1081.0,12.53456815164465,-6.242750520664871,0.0,0.0,3.208902033351986e-06,0.0,0.0,-6.584919450584363,20.5794109308,0.0,0.0,0.34216892991949166,0.0,8.819344528791858e-06,0.0,0.038285775851972986,0.004153207881786372,-0.22512805447594206,0.0,0.0,0.0
1082.0,12.534559390638638,-6.2427452906408565,0.0,0.0,3.6487977344827403e-06,0.0,0.0,-6.584916021899452,20.5794109308,0.0,0.0,0.3421707312585953,0.0,1.0028360633626224e-05,0.0,0.038285751719039536,0.004153309040262135,-0.22512801042571579,0.0,0.0,0.0
1083.0,12.534550719769914,-6.242739625147379,0.0,0.0,4.0906432593668345e-06,0.0,0.0,-6.584912152338945,20.5794109308,0.0,0.0,0.34217252719156654,0.0,1.1242737249682153e-05,0.0,0.03828572539382033,0.004153416120422818,-0.2251279561161548,0.0,0.0,0.0
1084.0,12.534542140949055,-6.24273352259771,0.0,0.0,4.534378496235707e-06,0.0,0.0,-6.584907839983021,20.5794109308,0.0,0.0,0.3421743173853109,0.0,1.2462309148492976e-05,0.0,0.03828569686797326,0.0041535291389950685,-0.2251278914970976,0.0,0.0,0.0
1085.0,12.534533656082786,-6.242726981466548,0.0,0.0,4.9799426815260164e-06,0.0,0.0,-6.584903082972295,20.5794109308,0.0,0.0,0.3421761015057472,0.0,1.3686909308773266e-05,0.0,0.03828566613346348,0.0041536481118431,-0.225127816519758,0.0,0.0,0.0
1086.0,12.534525267073661,-6.242720000290614,0.0,0.0,5.427274405940726e-06,0.0,0.0,-6.584897879508471,20.5794109308,0.0,0.0,0.34217787921785714,0.0,1.4916368933077938e-05,0.0,0.03828563318256647,0.0041537730539610435,-0.225127731136741,0.0,0.0,0.0
1087.0,12.534516975819729,-6.242712577669248,0.0,0.0,5.876311620652458e-06,0.0,0.0,-6.58489222785498,20.5794109308,0.0,0.0,0.3421796501857326,0.0,1.615051746485334e-05,0.0,0.03828559800787101,0.004153903979465606,-0.22512763530205845,0.0,0.0,0.0
1088.0,12.5345087842142,-6.242704712264996,0.0,0.0,6.326991643643917e-06,0.0,0.0,-6.58488612633762,20.5794109308,0.0,0.0,0.34218141407262426,0.0,1.7389182605866066e-05,0.0,0.03828556060228231,0.0041540409015886764,-0.2251275289711448,0.0,0.0,0.0
1089.0,12.534500694145112,-6.242696402804191,0.0,0.0,6.779251166190173e-06,0.0,0.0,-6.584879573345186,20.5794109308,0.0,0.0,0.342183170540995,0.0,1.8632190334022706e-05,0.0,0.038285520959024835,0.004154183832670119,-0.22512741210087212,0.0,0.0,0.0
1090.0,12.534492707495,-6.242687648077526,0.0,0.0,7.2330262594772816e-06,0.0,0.0,-6.584872567330091,20.5794109308,0.0,0.0,0.3421849192525652,0.0,1.9879364921565317e-05,0.0,0.038285479071645326,0.0041543327841505745,-0.22512728464956577,0.0,0.0,0.0
1091.0,12.534484826140554,-6.242678446940619,0.0,0.0,7.688252381360114e-06,0.0,0.0,-6.5848651068089845,20.5794109308,0.0,0.0,0.34218665986836516,0.0,2.1130528953650513e-05,0.0,0.03828543493401572,0.0041544877665645324,-0.2251271465770191,0.0,0.0,0.0
1092.0,12.53447705195229,-6.242668798314575,0.0,0.0,8.144864383258089e-06,0.0,0.0,-6.584857190363362,20.5794109308,0.0,0.0,0.3421883920487865,0.0,2.2385503347308627e-05,0.0,0.03828538854033593,0.004154648789533338,-0.2251269978445088,0.0,0.0,0.0
1093.0,12.53446938679421,-6.242658701186536,0.0,0.0,8.602796517189054e-06,0.0,0.0,-6.584848816640167,20.5794109308,0.0,0.0,0.3421901154536311,0.0,2.3644107370783643e-05,0.0,0.03828533988513676,0.004154815861758351,-0.22512683841480938,0.0,0.0,0.0
1094.0,12.53446183252346,-6.242648154610224,0.0,0.0,9.06198244294e-06,0.0,0.0,-6.58483998435239,20.5794109308,0.0,0.0,0.3421918297421662,0.0,2.4906158663250187e-05,0.0,0.0382852889632826,0.0041549889910143245,-0.22512666825220812,0.0,0.0,0.0
1095.0,12.534454390989996,-6.242637157706482,0.0,0.0,9.522355235376545e-06,0.0,0.0,-6.584830692279653,20.5794109308,0.0,0.0,0.3421935345731715,0.0,2.617147325491304e-05,0.0,0.0382852357699743,0.004155168184142771,-0.22512648732251933,0.0,0.0,0.0
1096.0,12.53444706403624,-6.242625709663797,0.0,0.0,9.98384739188536e-06,0.0,0.0,-6.584820939268792,20.5794109308,0.0,0.0,0.3421952296049948,0.0,2.7439865587473052e-05,0.0,0.03828518030075177,0.004155353447045415,-0.22512629559309882,0.0,0.0,0.0
1097.0,12.534439853496743,-6.242613809738827,0.0,0.0,1.0446390839958867e-05,0.0,0.0,-6.5848107242344325,20.5794109308,0.0,0.0,0.34219691449560585,0.0,2.871114853498519e-05,0.0,0.038285122551496735,0.004155544784677931,-0.22512609303285788,0.0,0.0,0.0
1098.0,12.53443276119784,-6.242601457256908,0.0,0.0,1.0909916944909865e-05,0.0,0.0,-6.584800046159554,20.5794109308,0.0,0.0,0.34219858890264554,0.0,2.998513342507471e-05,0.0,0.0382850625184353,0.004155742201043616,-0.2251258796122775,0.0,0.0,0.0
1099.0,12.53442578895731,-6.242588651612567,0.0,0.0,1.1374356517725193e-05,0.0,0.0,-6.5847889040960474,20.5794109308,0.0,0.0,0.3422002524834804,0.0,3.1261630060536585e-05,0.0,0.038285000198140635,0.004155945699187286,-0.22512565530342207,0.0,0.0,0.0
1100.0,12.534418938584038,-6.242575392270009,0.0,0.0,1.1839639823051773e-05,0.0,0.0,-6.584777297165268,20.5794109308,0.0,0.0,0.34220190489525937,0.0,3.2540446741299813e-05,0.0,0.03828493558753542,0.004156155281189233,-0.22512542007995304,0.0,0.0,0.0
1101.0,12.53441221187766,-6.242561678763612,0.0,0.0,1.2305696587320301e-05,0.0,0.0,-6.584765224558576,20.5794109308,0.0,0.0,0.34220354579496437,0.0,3.382139028677112e-05,0.0,0.038284868683894455,0.0041563709481594185,-0.22512517391714232,0.0,0.0,0.0
1102.0,12.534405610628232,-6.2425475106984045,0.0,0.0,1.2772456006999607e-05,0.0,0.0,-6.58475268553787,20.5794109308,0.0,0.0,0.34220517483946544,0.0,3.5104266058538924e-05,0.0,0.03828479948484706,0.004156592700231512,-0.22512491679188573,0.0,0.0,0.0
1103.0,12.53439913661588,-6.242532887750538,0.0,0.0,1.3239846756984379e-05,0.0,0.0,-6.5847396794361135,20.5794109308,0.0,0.0,0.3422067916855758,0.0,3.638887798344486e-05,0.0,0.038284727988379556,0.004156820536557526,-0.22512464868271584,0.0,0.0,0.0
1104.0,12.534392791610456,-6.242517809667745,0.0,0.0,1.3707796999119065e-05,0.0,0.0,-6.584726205657853,20.5794109308,0.0,0.0,0.34220839599010855,0.0,3.7675028577030723e-05,0.0,0.038284654192837594,0.004157054455302012,-0.2251243695698152,0.0,0.0,0.0
1105.0,12.534386577371192,-6.242502276269798,0.0,0.0,1.4176234390849025e-05,0.0,0.0,-6.584712263679727,20.5794109308,0.0,0.0,0.3422099874099285,0.0,3.896251896733617e-05,0.0,0.03828457809692854,0.00415729445363687,-0.22512407943502882,0.0,0.0,0.0
1106.0,12.534380495646358,-6.24248628744895,0.0,0.0,1.4645086094004397e-05,0.0,0.0,-6.584697853050963,20.5794109308,0.0,0.0,0.34221156560201216,0.0,4.025114891906231e-05,0.0,0.03828449969972374,0.0041575405277359395,-0.22512377826187657,0.0,0.0,0.0
1107.0,12.534374548172918,-6.242469843170372,0.0,0.0,1.5114278783720477e-05,0.0,0.0,-6.584682973393871,20.5794109308,0.0,0.0,0.34221313022349964,0.0,4.15407168581115e-05,0.0,0.03828441900066077,0.004157792672770028,-0.22512346603556593,0.0,0.0,0.0
1108.0,12.534368736676178,-6.242452943472574,0.0,0.0,1.558373865747724e-05,0.0,0.0,-6.584667624404329,20.5794109308,0.0,0.0,0.3422146809317548,0.0,4.2831019896455804e-05,0.0,0.03828433599954564,0.00415805088290179,-0.22512314274300374,0.0,0.0,0.0
1109.0,12.534363062869447,-6.24243558846783,0.0,0.0,1.6053391444278793e-05,0.0,0.0,-6.584651805852247,20.5794109308,0.0,0.0,0.34221621738441677,0.0,4.4121853857390907e-05,0.0,0.038284250696554986,0.004158315151280831,-0.22512280837280818,0.0,0.0,0.0
1110.0,12.53435752845369,-6.2424177783425785,0.0,0.0,1.6523162413954648e-05,0.0,0.0,-6.584635517582041,20.5794109308,0.0,0.0,0.3422177392394623,0.0,4.541301330112611e-05,0.0,0.038284163092238095,0.004158585470039111,-0.22512246291532062,0.0,0.0,0.0
1111.0,12.53435213511718,-6.242399513357819,0.0,0.0,1.699297638659052e-05,0.0,0.0,-6.58461875951308,20.5794109308,0.0,0.0,0.34221924615526067,0.0,4.670429155073124e-05,0.0,0.03828407318751903,0.004158861830286298,-0.22512210636261698,0.0,0.0,0.0
1112.0,12.534346884535156,-6.242380793849506,0.0,0.0,1.746275774208776e-05,0.0,0.0,-6.584601531640135,20.5794109308,0.0,0.0,0.3422207377906288,0.0,4.799548071843823e-05,0.0,0.03828398098369864,0.0041591442221052405,-0.225121738708519,0.0,0.0,0.0
1113.0,12.534341778369473,-6.24236162022892,0.0,0.0,1.7932430429846026e-05,0.0,0.0,-6.584583834033813,20.5794109308,0.0,0.0,0.34222221380489337,0.0,4.928637173228241e-05,0.0,0.038283886482456474,0.0041594326345477245,-0.22512135994860544,0.0,0.0,0.0
1114.0,12.534336818268265,-6.242341992983039,0.0,0.0,1.8401917978575325e-05,0.0,0.0,-6.584565666840983,20.5794109308,0.0,0.0,0.3422236738579443,0.0,5.057675436310044e-05,0.0,0.03828378968585273,0.0041597270556303495,-0.22512097008022278,0.0,0.0,0.0
1115.0,12.534332005865592,-6.242321912674895,0.0,0.0,1.887114350622822e-05,0.0,0.0,-6.584547030285191,20.5794109308,0.0,0.0,0.3422251176102957,0.0,5.186641725185953e-05,0.0,0.038283690596330126,0.004160027472330338,-0.22512056910249595,0.0,0.0,0.0
1116.0,12.534327342781097,-6.242301379943923,0.0,0.0,1.9340029730057742e-05,0.0,0.0,-6.584527924667067,20.5794109308,0.0,0.0,0.34222654472314407,0.0,5.3155147937333155e-05,0.0,0.03828358921671567,0.004160333870581859,-0.22512015701633858,0.0,0.0,0.0
1117.0,12.534322830619665,-6.2422803955062935,0.0,0.0,1.9808498976798296e-05,0.0,0.0,-6.584508350364719,20.5794109308,0.0,0.0,0.3422279548584255,0.0,5.4442732884115854e-05,0.0,0.03828348555022245,0.004160646235272097,-0.22511973382446337,0.0,0.0,0.0
1118.0,12.534318470971078,-6.242258960155244,0.0,0.0,2.027647319296748e-05,0.0,0.0,-6.584488307834119,20.5794109308,0.0,0.0,0.3422293476788756,0.0,5.572895751097128e-05,0.0,0.0382833796004513,0.004160964550237817,-0.2251192995313918,0.0,0.0,0.0
1119.0,12.53431426540967,-6.242237074761391,0.0,0.0,2.0743873955287447e-05,0.0,0.0,-6.58446779760948,20.5794109308,0.0,0.0,0.34223072284808875,0.0,5.701360621950991e-05,0.0,0.03828327137139251,0.004161288798261872,-0.225118854143464,0.0,0.0,0.0
1120.0,12.534310215493983,-6.242214740273041,0.0,0.0,2.121062248122967e-05,0.0,0.0,-6.584446820303617,20.5794109308,0.0,0.0,0.34223208003057604,0.0,5.82964624232068e-05,0.0,0.0382831608674274,0.004161618961069813,-0.2251183976688482,0.0,0.0,0.0
1121.0,12.53430632276643,-6.242191957716477,0.0,0.0,2.1676639639674855e-05,0.0,0.0,-6.584425376608303,20.5794109308,0.0,0.0,0.34223341889182635,0.0,5.957730857673681e-05,0.0,0.038283048093329816,0.004161955019326924,-0.22511793011754977,0.0,0.0,0.0
1122.0,12.534302588752945,-6.2421687281962495,0.0,0.0,2.2141845961692086e-05,0.0,0.0,-6.584403467294613,20.5794109308,0.0,0.0,0.3422347390983633,0.0,6.0855926205638463e-05,0.0,0.038282933054267734,0.0041622969526351195,-0.2251174515014204,0.0,0.0,0.0
1123.0,12.534299014962654,-6.242145052895445,0.0,0.0,2.2606161651433027e-05,0.0,0.0,-6.584381093213254,20.5794109308,0.0,0.0,0.3422360403178084,0.0,6.213209593629502e-05,0.0,0.03828281575580456,0.004162644739530097,-0.22511696183416674,0.0,0.0,0.0
1124.0,12.534295602887521,-6.242120933075948,0.0,0.0,2.30695065971447e-05,0.0,0.0,-6.584358255294888,20.5794109308,0.0,0.0,0.3422373222189403,0.0,6.340559752624232e-05,0.0,0.03828269620390062,0.0041629983574788115,-0.22511646113135897,0.0,0.0,0.0
1125.0,12.534292354002018,-6.242096370078691,0.0,0.0,2.3531800382293536e-05,0.0,0.0,-6.584334954550443,20.5794109308,0.0,0.0,0.3422385844717519,0.0,6.467620989478333e-05,0.0,0.03828257440491443,0.004163357782876756,-0.22511594941043872,0.0,0.0,0.0
1126.0,12.534289269762782,-6.242071365323897,0.0,0.0,2.3992962296803426e-05,0.0,0.0,-6.584311192071411,20.5794109308,0.0,0.0,0.3422398267475142,0.0,6.594371115391699e-05,0.0,0.03828245036560396,0.0041637229910458234,-0.22511542669072754,0.0,0.0,0.0
1127.0,12.534286351608282,-6.2420459203113,0.0,0.0,2.4452911348407542e-05,0.0,0.0,-6.584286969030134,20.5794109308,0.0,0.0,0.3422410487188339,0.0,6.720787863958052e-05,0.0,0.038282324093127894,0.004164093956231851,-0.22511489299343418,0.0,0.0,0.0
1128.0,12.534283600958476,-6.242020036620368,0.0,0.0,2.491156627410865e-05,0.0,0.0,-6.584262286680086,20.5794109308,0.0,0.0,0.34224225005971753,0.0,6.84684889431908e-05,0.0,0.03828219559504671,0.004164470651602872,-0.22511434834166225,0.0,0.0,0.0
1129.0,12.53428101921448,-6.241993715910503,0.0,0.0,2.5368845551751732e-05,0.0,0.0,-6.584237146356132,20.5794109308,0.0,0.0,0.3422434304456292,0.0,6.972531794349524e-05,0.0,0.03828206487932382,0.004164853049246978,-0.22511379276041732,0.0,0.0,0.0
1130.0,12.534278607758234,-6.2419669599212355,0.0,0.0,2.5824667411700642e-05,0.0,0.0,-6.5842115494747855,20.5794109308,0.0,0.0,0.34224458955354997,0.0,7.097814083870947e-05,0.0,0.03828193195432662,0.004165241120170707,-0.225113226276614,0.0,0.0,0.0
1131.0,12.53427636795216,-6.241939770472404,0.0,0.0,2.62789498486259e-05,0.0,0.0,-6.584185497534447,20.5794109308,0.0,0.0,0.3422457270620436,0.0,7.222673217896113e-05,0.0,0.03828179682882741,0.004165634834297646,-0.2251126489190824,0.0,0.0,0.0
1132.0,12.534274301138844,-6.241912149464324,0.0,0.0,2.6731610633399394e-05,0.0,0.0,-6.584158992115636,20.5794109308,0.0,0.0,0.34224684265131256,0.0,7.347086589902834e-05,0.0,0.03828165951200435,0.004166034160466792,-0.2251120607185747,0.0,0.0,0.0
1133.0,12.534272408640694,-6.241884098877946,0.0,0.0,2.7182567325087385e-05,0.0,0.0,-6.5841320348812085,20.5794109308,0.0,0.0,0.34224793600326286,0.0,7.471031535134911e-05,0.0,0.03828152001344232,0.004166439066431493,-0.225111461707771,0.0,0.0,0.0
1134.0,12.534270691759616,-6.241855620774998,0.0,0.0,2.7631737283052386e-05,0.0,0.0,-6.584104627576561,20.5794109308,0.0,0.0,0.34224900680156356,0.0,7.594485333933067e-05,0.0,0.0382813783431337,0.004166849518858415,-0.22511085192128544,0.0,0.0,0.0
1135.0,12.534269151776682,-6.241826717298121,0.0,0.0,2.8079037679155315e-05,0.0,0.0,-6.584076772029827,20.5794109308,0.0,0.0,0.3422500547317062,0.0,7.717425215093506e-05,0.0,0.03828123451147909,0.004167265483326563,-0.22511023139567166,0.0,0.0,0.0
1136.0,12.534267789951807,-6.241797390670985,0.0,0.0,2.8524385510057298e-05,0.0,0.0,-6.584048470152056,20.5794109308,0.0,0.0,0.3422510794810707,0.0,7.839828359253942e-05,0.0,0.03828108852928802,0.004167686924326716,-0.22510960016942794,0.0,0.0,0.0
1137.0,12.534266607523424,-6.241767643198401,0.0,0.0,2.8967697609619433e-05,0.0,0.0,-6.5840197239373826,20.5794109308,0.0,0.0,0.34225208073898195,0.0,7.961671902306588e-05,0.0,0.038280940407779504,0.004168113805260734,-0.2251089582830024,0.0,0.0,0.0
1138.0,12.534265605708155,-6.241737477266411,0.0,0.0,2.9408890661403646e-05,0.0,0.0,-6.583990535463185,20.5794109308,0.0,0.0,0.342253058196774,0.0,8.082932938839028e-05,0.0,0.03828079015858266,0.004168546088441347,-0.22510830577879754,0.0,0.0,0.0
1139.0,12.534264785700497,-6.241706895342377,0.0,0.0,2.9847881211265773e-05,0.0,0.0,-6.583960906890226,20.5794109308,0.0,0.0,0.3422540115478494,0.0,8.203588525600467e-05,0.0,0.03828063779373714,0.004168983735091891,-0.22510764270117473,0.0,0.0,0.0
1140.0,12.534264148672497,-6.241675899975046,0.0,0.0,3.0284585680047615e-05,0.0,0.0,-6.583930840462789,20.5794109308,0.0,0.0,0.3422549404877424,0.0,8.323615684995251e-05,0.0,0.03828048332569354,0.004169426705346244,-0.2251069690964584,0.0,0.0,0.0
1141.0,12.534263695773433,-6.2416444937946105,0.0,0.0,3.07189203763541e-05,0.0,0.0,-6.58390033850879,20.5794109308,0.0,0.0,0.34225584471417925,0.0,8.442991408599834e-05,0.0,0.038280326767313834,0.004169874958249192,-0.22510628501293964,0.0,0.0,0.0
1142.0,12.534263428129501,-6.241612679512748,0.0,0.0,3.115080150943356e-05,0.0,0.0,-6.5838694034398895,20.5794109308,0.0,0.0,0.34225672392714124,0.0,8.561692660708127e-05,0.0,0.038280168131871566,0.004170328451756494,-0.22510559050088008,0.0,0.0,0.0
1143.0,12.534263346843497,-6.241580459922659,0.0,0.0,3.158014520213612e-05,0.0,0.0,-6.583838037751583,20.5794109308,0.0,0.0,0.3422575778289243,0.0,8.679696381898377e-05,0.0,0.03828000743305214,0.004170787142735652,-0.22510488561251474,0.0,0.0,0.0
1144.0,12.534263452994509,-6.241547837899081,0.0,0.0,3.200686750397005e-05,0.0,0.0,-6.583806244023282,20.5794109308,0.0,0.0,0.3422584061242002,0.0,8.796979492627004e-05,0.0,0.03827984468495299,0.004171250986966413,-0.22510417040205538,0.0,0.0,0.0
1145.0,12.534263747637599,-6.241514816398296,0.0,0.0,3.24308844042393e-05,0.0,0.0,-6.583774024918376,20.5794109308,0.0,0.0,0.34225920852007974,0.0,8.913518896844795e-05,0.0,0.03827967990208362,0.004171719939141838,-0.22510344492569273,0.0,0.0,0.0
1146.0,12.534264231803503,-6.24148139845812,0.0,0.0,3.285211184526705e-05,0.0,0.0,-6.583741383184293,20.5794109308,0.0,0.0,0.3422599847261729,0.0,9.029291485636781e-05,0.0,0.038279513099365683,0.004172193952869177,-0.22510270924159909,0.0,0.0,0.0
1147.0,12.534264906498318,-6.241447587197887,0.0,0.0,3.3270465735704565e-05,0.0,0.0,-6.583708321652535,20.5794109308,0.0,0.0,0.34226073445464866,0.0,9.144274140885584e-05,0.0,0.038279344292132936,0.004172672980671213,-0.22510196340993033,0.0,0.0,0.0
1148.0,12.534265772703202,-6.241413385818409,0.0,0.0,3.3685861963919905e-05,0.0,0.0,-6.583674843238708,20.5794109308,0.0,0.0,0.34226145742029956,0.0,9.258443738956767e-05,0.0,0.03827917349613112,0.004173156973987666,-0.22510120749282744,0.0,0.0,0.0
1149.0,12.534266831374067,-6.241378797601934,0.0,0.0,3.4098216411467656e-05,0.0,0.0,-6.583640950942534,20.5794109308,0.0,0.0,0.3422621533406005,0.0,9.371777154406456e-05,0.0,0.03827900072751782,0.004173645883176771,-0.2251004415544181,0.0,0.0,0.0
1150.0,12.534268083441287,-6.24134382591208,0.0,0.0,3.450744496663897e-05,0.0,0.0,-6.5836066478478505,20.5794109308,0.0,0.0,0.34226282193577084,0.0,9.484251263711062e-05,0.0,0.038278826002862185,0.004174139657517159,-0.22509966566081774,0.0,0.0,0.0
1151.0,12.534269529809391,-6.2413084741937634,0.0,0.0,3.4913463538083266e-05,0.0,0.0,-6.5835719371225965,20.5794109308,0.0,0.0,0.34226346292883303,0.0,9.595842949016743e-05,0.0,0.038278649339144655,0.004174638245209708,-0.22509887988013022,0.0,0.0,0.0
1152.0,12.53427117135678,-6.241272745973112,0.0,0.0,3.531618806851036e-05,0.0,0.0,-6.583536822018789,20.5794109308,0.0,0.0,0.34226407604567655,0.0,9.706529101910964e-05,0.0,0.0382784707537566,0.004175141593379769,-0.22509808428244837,0.0,0.0,0.0
1153.0,12.534273008935424,-6.24123664485736,0.0,0.0,3.571553454846155e-05,0.0,0.0,-6.583501305872477,20.5794109308,0.0,0.0,0.34226466101511654,0.0,9.816286627213032e-05,0.0,0.03827829026449984,0.004175649648079427,-0.2250972789398542,0.0,0.0,0.0
1154.0,12.53427504337058,-6.241200174534734,0.0,0.0,3.611141903015444e-05,0.0,0.0,-6.583465392103691,20.5794109308,0.0,0.0,0.3422652175689569,0.0,9.925092446784921e-05,0.0,0.038278107889586147,0.0041761623542903165,-0.22509646392641852,0.0,0.0,0.0
1155.0,12.534277275460498,-6.241163338774326,0.0,0.0,3.650375764139699e-05,0.0,0.0,-6.583429084216374,20.5794109308,0.0,0.0,0.3422657454420479,0.0,0.00010032923503361106,0.0,0.03827792364763667,0.004176679655925913,-0.22509563931820065,0.0,0.0,0.0
1156.0,12.534279705976145,-6.241126141425946,0.0,0.0,3.689246659956738e-05,0.0,0.0,-6.5833923857982946,20.5794109308,0.0,0.0,0.34226624437234854,0.0,0.00010139756764396519,0.0,0.038277737557681324,0.0041772014958347675,-0.22509480519324745,0.0,0.0,0.0
1157.0,12.534282335660915,-6.24108858641997,0.0,0.0,3.7277462225662316e-05,0.0,0.0,-6.583355300520954,20.5794109308,0.0,0.0,0.3422667141009841,0.0,0.00010245569225933287,0.0,0.038277549639157984,0.004177727815803459,-0.2250939616315922,0.0,0.0,0.0
1158.0,12.534285165230356,-6.241050677767166,0.0,0.0,3.7658660958406135e-05,0.0,0.0,-6.583317832139476,20.5794109308,0.0,0.0,0.34226715437230926,0.0,0.00010350337916484197,0.0,0.038277359911911765,0.004178258556559955,-0.22509310871525323,0.0,0.0,0.0
1159.0,12.534288195371893,-6.241012419558513,0.0,0.0,3.803597936842563e-05,0.0,0.0,-6.58327998449248,20.5794109308,0.0,0.0,0.3422675649339668,0.0,0.000104540399009342,0.0,0.03827716839619416,0.0041787936577770135,-0.2250922465282319,0.0,0.0,0.0
1160.0,12.534291426744554,-6.240973815964996,0.0,0.0,3.840933417247947e-05,0.0,0.0,-6.5832417615019425,20.5794109308,0.0,0.0,0.34226794553694617,0.0,0.00010556652284456927,0.0,0.03827697511266206,0.004179333058075871,-0.22509137515651062,0.0,0.0,0.0
1161.0,12.534294859978699,-6.240934871237401,0.0,0.0,3.877864224775142e-05,0.0,0.0,-6.583203167173046,20.5794109308,0.0,0.0,0.34226829593564556,0.0,0.0001065815221644871,0.0,0.03827678008237682,0.004179876695030185,-0.22509049468805042,0.0,0.0,0.0
1162.0,12.534298495675756,-6.24089558970608,0.0,0.0,3.914382064619667e-05,0.0,0.0,-6.5831642055940085,20.5794109308,0.0,0.0,0.3422686158879289,0.0,0.00010758516894477181,0.0,0.03827658332680311,0.0041804245051699634,-0.22508960521278787,0.0,0.0,0.0
1163.0,12.534302334407958,-6.240855975780717,0.0,0.0,3.950478660894166e-05,0.0,0.0,-6.583124880935902,20.5794109308,0.0,0.0,0.3422689051551844,0.0,0.00010857723568244555,0.0,0.03827638486780786,0.004180976423985808,-0.22508870682263238,0.0,0.0,0.0
1164.0,12.534306376718074,-6.240816033950071,0.0,0.0,3.986145758073771e-05,0.0,0.0,-6.583085197452457,20.5794109308,0.0,0.0,0.3422691635023858,0.0,0.0001095574954356568,0.0,0.03827618472765897,0.004181532385933537,-0.22508779961146214,0.0,0.0,0.0
1165.0,12.534310623119167,-6.2407757687817025,0.0,0.0,4.021375122446297e-05,0.0,0.0,-6.583045159479852,20.5794109308,0.0,0.0,0.3422693906981493,0.0,0.00011052572186359311,0.0,0.03827598292902409,0.0041820923244384745,-0.22508688367512097,0.0,0.0,0.0
1166.0,12.534315074094323,-6.240735184921696,0.0,0.0,4.056158543567318e-05,0.0,0.0,-6.583004771436488,20.5794109308,0.0,0.0,0.3422695865147922,0.0,0.000111481689266528,0.0,0.038275779494969166,0.004182656171900584,-0.2250859591114136,0.0,0.0,0.0
1167.0,12.534319730096414,-6.240694287094356,0.0,0.0,4.090487835719944e-05,0.0,0.0,-6.582964037822746,20.5794109308,0.0,0.0,0.3422697507283905,0.0,0.00011242517262599631,0.0,0.03827557444895713,0.004183223859699353,-0.22508502602010153,0.0,0.0,0.0
1168.0,12.53432459154784,-6.240653080101899,0.0,0.0,4.124354839378687e-05,0.0,0.0,-6.582922963220738,20.5794109308,0.0,0.0,0.34226988311883844,0.0,0.00011335594764508175,0.0,0.03827536781484631,0.004183795318198902,-0.2250840845028979,0.0,0.0,0.0
1169.0,12.534329658840296,-6.240611568824126,0.0,0.0,4.157751422677754e-05,0.0,0.0,-6.58288155229403,20.5794109308,0.0,0.0,0.34226998346990367,0.0,0.00011427379078882549,0.0,0.03827515961688888,0.004184370476753629,-0.2250831346634627,0.0,0.0,0.0
1170.0,12.534334932334524,-6.240569758218078,0.0,0.0,4.1906694828831456e-05,0.0,0.0,-6.582839809787364,20.5794109308,0.0,0.0,0.3422700515692858,0.0,0.00011517847932473885,0.0,0.03827494987972921,0.004184949263713489,-0.22508217660739677,0.0,0.0,0.0
1171.0,12.534340412360077,-6.240527653317685,0.0,0.0,4.223100947868502e-05,0.0,0.0,-6.58279774052636,20.5794109308,0.0,0.0,0.34227008720867413,0.0,0.0001160697913634185,0.0,0.03827473862840218,0.004185531606430051,-0.22508121044223636,0.0,0.0,0.0
1172.0,12.534346099215092,-6.2404852592333935,0.0,0.0,4.255037777594584e-05,0.0,0.0,-6.582755349417195,20.5794109308,0.0,0.0,0.34227009018380183,0.0,0.00011694750589926085,0.0,0.03827452588833129,0.004186117431262362,-0.2250802362774466,0.0,0.0,0.0
1173.0,12.534351993166053,-6.240442581151782,0.0,0.0,4.286471965591978e-05,0.0,0.0,-6.582712641446284,20.5794109308,0.0,0.0,0.3422700602945028,0.0,0.00011781140285126453,0.0,0.038274311685326926,0.00418670666358309,-0.22507925422441516,0.0,0.0,0.0
1174.0,12.534358094447573,-6.240399624335161,0.0,0.0,4.317395540446673e-05,0.0,0.0,-6.582669621679932,20.5794109308,0.0,0.0,0.34226999734477026,0.0,0.00011866126310391093,0.0,0.03827409604558432,0.004187299227784963,-0.22507826439644513,0.0,0.0,0.0
1175.0,12.534364403262163,-6.2403563941211635,0.0,0.0,4.347800567288872e-05,0.0,0.0,-6.582626295263974,20.5794109308,0.0,0.0,0.3422699011428101,0.0,0.00011949686854813301,0.0,0.03827387899568158,0.004187895047287338,-0.22507726690874796,0.0,0.0,0.0
1176.0,12.534370919780027,-6.240312895922311,0.0,0.0,4.377679149284162e-05,0.0,0.0,-6.582582667423407,20.5794109308,0.0,0.0,0.34226977150109583,0.0,0.00012031800212234829,0.0,0.03827366056257758,0.00418849404454287,-0.22507626187843563,0.0,0.0,0.0
1177.0,12.534377644138836,-6.240269135225575,0.0,0.0,4.407023429127297e-05,0.0,0.0,-6.582538743462,20.5794109308,0.0,0.0,0.3422696082364247,0.0,0.00012112444785356249,0.0,0.038273440773609835,0.004189096141044582,-0.2250752494245129,0.0,0.0,0.0
1178.0,12.534384576443525,-6.24022511759192,0.0,0.0,4.435825590537859e-05,0.0,0.0,-6.582494528761891,20.5794109308,0.0,0.0,0.3422694111699709,0.0,0.00012191599089852433,0.0,0.03827321965649219,0.004189701257332909,-0.22507422966786894,0.0,0.0,0.0
1179.0,12.534391716766088,-6.240180848655828,0.0,0.0,4.464077859758181e-05,0.0,0.0,-6.582450028783168,20.5794109308,0.0,0.0,0.34226918012734053,0.0,0.00012269241758494125,0.0,0.038272997239312656,0.004190309313003168,-0.2250732027312685,0.0,0.0,0.0
1180.0,12.53439906514537,-6.240136334124816,0.0,0.0,4.4917725070528544e-05,0.0,0.0,-6.582405249063441,20.5794109308,0.0,0.0,0.3422689149386242,0.0,0.00012345351545273799,0.0,0.03827277355053087,0.004190920226712955,-0.22507216873934305,0.0,0.0,0.0
1181.0,12.534406621586879,-6.240091579778933,0.0,0.0,4.518901848209601e-05,0.0,0.0,-6.582360195217387,20.5794109308,0.0,0.0,0.34226861543845377,0.0,0.00012419907329535147,0.0,0.038272548618975714,0.004191533916189996,-0.22507112781858146,0.0,0.0,0.0
1182.0,12.534414386062583,-6.240046591470244,0.0,0.0,4.5454582460416936e-05,0.0,0.0,-6.582314872936293,20.5794109308,0.0,0.0,0.3422682814660494,0.0,0.0001249288812010675,0.0,0.03827232247384284,0.004192150298240022,-0.22507008009732007,0.0,0.0,0.0
1183.0,12.53442235851073,-6.2400013751223025,0.0,0.0,4.571434111891134e-05,0.0,0.0,-6.582269287987578,20.5794109308,0.0,0.0,0.34226791286527547,0.0,0.00012564273059437675,0.0,0.03827209514469195,0.0041927692887548385,-0.22506902570573284,0.0,0.0,0.0
1184.0,12.53443053883566,-6.239955936729602,0.0,0.0,4.596821907132619e-05,0.0,0.0,-6.582223446214297,20.5794109308,0.0,0.0,0.342267509484695,0.0,0.0001263404142773518,0.0,0.038271866661444234,0.004193390802720798,-0.22506796477582058,0.0,0.0,0.0
1185.0,12.534438926907619,-6.239910282357019,0.0,0.0,4.621614144678162e-05,0.0,0.0,-6.582177353534633,20.5794109308,0.0,0.0,0.34226707117761457,0.0,0.0001270217264710409,0.0,0.03827163705437951,0.004194014754227177,-0.22506689744140068,0.0,0.0,0.0
1186.0,12.534447522562594,-6.239864418139239,0.0,0.0,4.645803390482128e-05,0.0,0.0,-6.582131015941381,20.5794109308,0.0,0.0,0.3422665978021424,0.0,0.00012768646285687147,0.0,0.03827140635413352,0.004194641056474893,-0.2250658238380953,0.0,0.0,0.0
1187.0,12.534456325602136,-6.239818350280167,0.0,0.0,4.6693822650459806e-05,0.0,0.0,-6.582084439501401,20.5794109308,0.0,0.0,0.34226608922123347,0.0,0.00012833442061804508,0.0,0.03827117459169494,0.00419526962178543,-0.22506474410332059,0.0,0.0,0.0
1188.0,12.534465335793193,-6.239772085052327,0.0,0.0,4.692343444923144e-05,0.0,0.0,-6.582037630355069,20.5794109308,0.0,0.0,0.3422655453027419,0.0,0.000128965398480934,0.0,0.038270941798402444,0.0041959003616099805,-0.22506365837627412,0.0,0.0,0.0
1189.0,12.534474552867948,-6.23972562879624,0.0,0.0,4.7146796642234505e-05,0.0,0.0,-6.581990594715711,20.5794109308,0.0,0.0,0.34226496591947075,0.0,0.00012957919675646494,0.0,0.03827070800594166,0.004196533186538648,-0.2250625667979233,0.0,0.0,0.0
1190.0,12.534483976523665,-6.239678987919795,0.0,0.0,4.736383716116458e-05,0.0,0.0,-6.581943338869015,20.5794109308,0.0,0.0,0.34226435094922003,0.0,0.00013017561738147071,0.0,0.03827047324634205,0.004197168006309954,-0.22506146951099232,0.0,0.0,0.0
1191.0,12.534493606422533,-6.239632168897603,0.0,0.0,4.757448454334592e-05,0.0,0.0,-6.58189586917244,20.5794109308,0.0,0.0,0.3422637002748372,0.0,0.00013075446396003523,0.0,0.03827023755197373,0.004197804729820467,-0.2250603666599495,0.0,0.0,0.0
1192.0,12.53450344219152,-6.239585178270333,0.0,0.0,4.777866794674497e-05,0.0,0.0,-6.581848192054595,20.5794109308,0.0,0.0,0.3422630137842626,0.0,0.00013131554180478838,0.0,0.03827000095554419,0.004198443265134744,-0.22505925839099394,0.0,0.0,0.0
1193.0,12.534513483422229,-6.239538022644038,0.0,0.0,4.797631716497333e-05,0.0,0.0,-6.5818003140146155,20.5794109308,0.0,0.0,0.3422622913705773,0.0,0.00013185865797816997,0.0,0.03826976349009497,0.004199083519495356,-0.22505814485204184,0.0,0.0,0.0
1194.0,12.53452372967076,-6.239490708689466,0.0,0.0,4.8167362642271404e-05,0.0,0.0,-6.581752241621519,20.5794109308,0.0,0.0,0.34226153293205286,0.0,0.0001323836213336393,0.0,0.038269525188998205,0.004199725399333068,-0.2250570261927125,0.0,0.0,0.0
1195.0,12.534534180457579,-6.239443243141355,0.0,0.0,4.8351735488476334e-05,0.0,0.0,-6.581703981513549,20.5794109308,0.0,0.0,0.34226073837219406,0.0,0.00013289024255684005,0.0,0.03826928608595324,0.0042003688102773135,-0.22505590256431413,0.0,0.0,0.0
1196.0,12.534544835267384,-6.239395632797711,0.0,0.0,4.852936749396313e-05,0.0,0.0,-6.581655540397497,20.5794109308,0.0,0.0,0.34225990759978586,0.0,0.00013337833420668974,0.0,0.03826904621498294,0.004201013657166852,-0.22505477411982888,0.0,0.0,0.0
1197.0,12.534555693548992,-6.2393478845190815,0.0,0.0,4.8700191144569056e-05,0.0,0.0,-6.58160692504802,20.5794109308,0.0,0.0,0.34225904052893874,0.0,0.0001338477107564217,0.0,0.03826880561043021,0.004201659844060457,-0.22505364101389802,0.0,0.0,0.0
1198.0,12.534566754715208,-6.2393000052278005,0.0,0.0,4.886413963648251e-05,0.0,0.0,-6.581558142306935,20.5794109308,0.0,0.0,0.3422581370791349,0.0,0.0001342981886345277,0.0,0.03826856430695415,0.004202307274248029,-0.22505250340280636,0.0,0.0,0.0
1199.0,12.534578018142723,-6.239252001907232,0.0,0.0,4.902114689111074e-05,0.0,0.0,-6.581509199082501,20.5794109308,0.0,0.0,0.34225719717526903,0.0,0.00013472958626564084,0.0,0.038268322339526366,0.0042029558502618,-0.22505136144446652,0.0,0.0,0.0
1200.0,12.534589483171999,-6.239203881600993,0.0,0.0,4.917114756990847e-05,0.0,0.0,-6.581460102348687,20.5794109308,0.0,0.0,0.3422562207476938,0.0,0.0001351417241113091,0.0,0.03826807974342714,0.004203605473887567,-0.22505021529840308,0.0,0.0,0.0
1201.0,12.534601149107171,-6.239155651412161,0.0,0.0,4.9314077089177695e-05,0.0,0.0,-6.581410859144423,20.5794109308,0.0,0.0,0.34225520773226226,0.0,0.0001355344247106882,0.0,0.03826783655424144,0.0042042560461763995,-0.22504906512573547,0.0,0.0,0.0
1202.0,12.534613015215948,-6.239107318502473,0.0,0.0,4.944987163482935e-05,0.0,0.0,-6.581361476572842,20.5794109308,0.0,0.0,0.34225415807036885,0.0,0.00013590751272112746,0.0,0.03826759280785496,0.004204907467456179,-0.22504791108916183,0.0,0.0,0.0
1203.0,12.534625080729517,-6.2390588900915045,0.0,0.0,4.957846817710134e-05,0.0,0.0,-6.581311961800497,20.5794109308,0.0,0.0,0.3422530717089929,0.0,0.0001362608149586343,0.0,0.03826734854045011,0.0042055596373438,-0.2250467533529414,0.0,0.0,0.0
1204.0,12.534637344842464,-6.239010373455839,0.0,0.0,4.969980448523922e-05,0.0,0.0,-6.581262322056575,20.5794109308,0.0,0.0,0.3422519486007358,0.0,0.00013659416043823401,0.0,0.0382671037885018,0.004206212454757011,-0.2250455920828772,0.0,0.0,0.0
1205.0,12.534649806712688,-6.238961775928221,0.0,0.0,4.981381914213124e-05,0.0,0.0,-6.581212564632087,20.5794109308,0.0,0.0,0.3422507887038657,0.0,0.0001369073804142023,0.0,0.0382668585887733,0.004206865817926897,-0.22504442744629793,0.0,0.0,0.0
1206.0,12.534662465461324,-6.238913104896695,0.0,0.0,4.992045155889219e-05,0.0,0.0,-6.581162696879047,20.5794109308,0.0,0.0,0.34224959198235183,0.0,0.00013720030842015514,0.0,0.038266612978311944,0.004207519624410197,-0.22504325961204016,0.0,0.0,0.0
1207.0,12.534675320172674,-6.238864367803731,0.0,0.0,5.001964198940204e-05,0.0,0.0,-6.58111272620964,20.5794109308,0.0,0.0,0.34224835840590906,0.0,0.0001374727803090126,0.0,0.038266366994444766,0.004208173771102136,-0.22504208875042916,0.0,0.0,0.0
1208.0,12.534688369894146,-6.238815572145338,0.0,0.0,5.011133154478885e-05,0.0,0.0,-6.581062660095369,20.5794109308,0.0,0.0,0.3422470879500308,0.0,0.00013772463429280728,0.0,0.03826612067477413,0.004208828154249097,-0.22504091503326049,0.0,0.0,0.0
1209.0,12.534701613636189,-6.238766725470162,0.0,0.0,5.0195462207857684e-05,0.0,0.0,-6.581012506066191,20.5794109308,0.0,0.0,0.34224578059602884,0.0,0.0001379557109823426,0.0,0.038265874057173195,0.004209482669461639,-0.22503973863378046,0.0,0.0,0.0
1210.0,12.53471505037224,-6.23871783537857,0.0,0.0,5.027197684746158e-05,0.0,0.0,-6.580962271709638,20.5794109308,0.0,0.0,0.34224443633106816,0.0,0.00013816585342668966,0.0,0.03826562717978142,0.0042101372117278185,-0.22503855972666664,0.0,0.0,0.0
1211.0,12.534728679038679,-6.23866890952172,0.0,0.0,5.034081923281039e-05,0.0,0.0,-6.580911964669925,20.5794109308,0.0,0.0,0.34224305514820497,0.0,0.00013835490715251138,0.0,0.03826538008099987,0.004210791675426442,-0.22503737848800776,0.0,0.0,0.0
1212.0,12.534742498534785,-6.23861995560062,0.0,0.0,5.040193404771991e-05,0.0,0.0,-6.5808615926470395,20.5794109308,0.0,0.0,0.34224163704641963,0.0,0.0001385227202032205,0.0,0.038265132799486595,0.004211445954340587,-0.2250361950952836,0.0,0.0,0.0
1213.0,12.5347565077227,-6.2385709813651715,0.0,0.0,5.0455266904789086e-05,0.0,0.0,-6.5808111633958255,20.5794109308,0.0,0.0,0.342240182030654,0.0,0.00013866914317793762,0.0,0.038264885374151826,0.004212099941671391,-0.2250350097273441,0.0,0.0,0.0
1214.0,12.534770705427396,-6.238521994613201,0.0,0.0,5.050076435951581e-05,0.0,0.0,-6.580760684725042,20.5794109308,0.0,0.0,0.3422386901118406,0.0,0.0001387940292702785,0.0,0.03826463784415316,0.004212753530051919,-0.2250338225643887,0.0,0.0,0.0
1215.0,12.534785090436657,-6.238473003189475,0.0,0.0,5.053837392433589e-05,0.0,0.0,-6.5807101644964145,20.5794109308,0.0,0.0,0.34223716130693926,0.0,0.0001388972343069283,0.0,0.03826439024889066,0.004213406611561124,-0.22503263378794464,0.0,0.0,0.0
1216.0,12.534799661501047,-6.238424014984706,0.0,0.0,5.056804408259054e-05,0.0,0.0,-6.580659610623673,20.5794109308,0.0,0.0,0.3422355956389671,0.0,0.00013897861678601657,0.0,0.03826414262800191,0.0042140590777382525,-0.2250314435808456,0.0,0.0,0.0
1217.0,12.534814417333909,-6.238375037934542,0.0,0.0,5.05897243024181e-05,0.0,0.0,-6.580609031071574,20.5794109308,0.0,0.0,0.3422339931370315,0.0,0.00013903803791528264,0.0,0.03826389502135694,0.004214710819597053,-0.2250302521272096,0.0,0.0,0.0
1218.0,12.53482935661135,-6.238326080018547,0.0,0.0,5.0603365050564765e-05,0.0,0.0,-6.580558433854904,20.5794109308,0.0,0.0,0.34223235383635675,0.0,0.00013907536165001563,0.0,0.0382636474690532,0.004215361727640449,-0.22502905961241668,0.0,0.0,0.0
1219.0,12.534844477972246,-6.238277149259162,0.0,0.0,5.0608917806113554e-05,0.0,0.0,-6.580507827037481,20.5794109308,0.0,0.0,0.3422306777783186,0.0,0.0001390904547307677,0.0,0.03826340001141033,0.004216011691875285,-0.22502786622308615,0.0,0.0,0.0
1220.0,12.53485978001824,-6.238228253720662,0.0,0.0,5.0606335074130066e-05,0.0,0.0,-6.580457218731132,20.5794109308,0.0,0.0,0.3422289650104702,0.0,0.00013908318672083654,0.0,0.03826315268896497,0.004216660601827085,-0.2250266721470538,0.0,0.0,0.0
1221.0,12.534875261313754,-6.238179401508089,0.0,0.0,5.059557039922189e-05,0.0,0.0,-6.580406617094659,20.5794109308,0.0,0.0,0.3422272155865702,0.0,0.00013905343004350825,0.0,0.03826290554246547,0.004217308346555218,-0.22502547757334834,0.0,0.0,0.0
1222.0,12.534890920386013,-6.238130600766183,0.0,0.0,5.0576578379002384e-05,0.0,0.0,-6.580356030332794,20.5794109308,0.0,0.0,0.34222542956661073,0.0,0.00013900106001903494,0.0,0.038262658612866506,0.00421795481466819,-0.225024282692168,0.0,0.0,0.0
1223.0,12.534906755725059,-6.2380818596782985,0.0,0.0,5.0549314677468815e-05,0.0,0.0,-6.58030546669514,20.5794109308,0.0,0.0,0.34222360701684185,0.0,0.00013892595490137504,0.0,0.03826241194132368,0.004218599894338787,-0.2250230876948563,0.0,0.0,0.0
1224.0,12.534922765783781,-6.238033186465298,0.0,0.0,5.05137360382814e-05,0.0,0.0,-6.580254934475097,20.5794109308,0.0,0.0,0.3422217480097993,0.0,0.0001388279959146588,0.0,0.038262165569188024,0.004219243473319825,-0.22502189277387802,0.0,0.0,0.0
1225.0,12.534938948977954,-6.237984589384449,0.0,0.0,5.046980029794474e-05,0.0,0.0,-6.580204442008776,20.5794109308,0.0,0.0,0.34221985262432764,0.0,0.00013870706728938328,0.0,0.038261919538000476,0.004219885438959792,-0.22502069812279435,0.0,0.0,0.0
1226.0,12.53495530368628,-6.237936076728296,0.0,0.0,5.04174663988899e-05,0.0,0.0,-6.5801539976739,20.5794109308,0.0,0.0,0.342217920945604,0.0,0.000138563056298332,0.0,0.038261673889486224,0.004220525678218637,-0.22501950393623818,0.0,0.0,0.0
1227.0,12.534971828250429,-6.237887656823529,0.0,0.0,5.0356694402452176e-05,0.0,0.0,-6.58010360988869,20.5794109308,0.0,0.0,0.3422159530651614,0.0,0.0001383958532922057,0.0,0.038261428665549074,0.004221164077683748,-0.22501831040988862,0.0,0.0,0.0
1228.0,12.5349885209751,-6.237839338029832,0.0,0.0,5.0287445501743306e-05,0.0,0.0,-6.580053287110743,20.5794109308,0.0,0.0,0.34221394908091085,0.0,0.0001382053517349606,0.0,0.03826118390826572,0.004221800523586283,-0.22501711774044567,0.0,0.0,0.0
1229.0,12.535005380128078,-6.237791128738728,0.0,0.0,5.0209682034413504e-05,0.0,0.0,-6.580003037835889,20.5794109308,0.0,0.0,0.3422119090971609,0.0,0.00013799144823884165,0.0,0.038260939659879895,0.004222434901817271,-0.22501592612560412,0.0,0.0,0.0
1230.0,12.535022403940301,-6.237743037372405,0.0,0.0,5.012336749530439e-05,0.0,0.0,-6.579952870597044,20.5794109308,0.0,0.0,0.34220983322463905,0.0,0.00013775404259911366,0.0,0.038260695962796576,0.0042230670979441914,-0.22501473576402753,0.0,0.0,0.0
1231.0,12.535039590605932,-6.237695072382536,0.0,0.0,5.002846654898743e-05,0.0,0.0,-6.579902793963046,20.5794109308,0.0,0.0,0.34220772158051016,0.0,0.0001374930378284753,0.0,0.03826045285957605,0.004223696997227577,-0.2250135468553217,0.0,0.0,0.0
1232.0,12.535056938282434,-6.237647242249083,0.0,0.0,4.992494504218403e-05,0.0,0.0,-6.579852816537479,20.5794109308,0.0,0.0,0.34220557428839626,0.0,0.00013720834019114592,0.0,0.03826021039292794,0.004224324484637554,-0.22501235960000776,0.0,0.0,0.0
1233.0,12.535074445090665,-6.2375995554790915,0.0,0.0,4.9812770016068604e-05,0.0,0.0,-6.579802946957482,20.5794109308,0.0,0.0,0.34220339147839063,0.0,0.0001368998592366279,0.0,0.03825996860570515,0.00422494944487109,-0.22501117419949537,0.0,0.0,0.0
1234.0,12.535092109114958,-6.237552020605475,0.0,0.0,4.969190971844803e-05,0.0,0.0,-6.579753193892551,20.5794109308,0.0,0.0,0.34220117328707644,0.0,0.00013656750783312775,0.0,0.038259727540897806,0.004225571762368693,-0.22500999085605494,0.0,0.0,0.0
1235.0,12.53510992840323,-6.237504646185784,0.0,0.0,4.956233361581564e-05,0.0,0.0,-6.579703566043327,20.5794109308,0.0,0.0,0.3421989198575428,0.0,0.00013621120220062936,0.0,0.038259487241627116,0.004226191321331743,-0.22500880977279028,0.0,0.0,0.0
1236.0,12.53512790096708,-6.237457440800972,0.0,0.0,4.9424012405280416e-05,0.0,0.0,-6.57965407214037,20.5794109308,0.0,0.0,0.34219663133939804,0.0,0.00013583086194362255,0.0,0.03825924775113912,0.004226808005739768,-0.2250076311536103,0.0,0.0,0.0
1237.0,12.535146024781898,-6.237410413054138,0.0,0.0,4.92769180263663e-05,0.0,0.0,-6.57960472094292,20.5794109308,0.0,0.0,0.34219430788878213,0.0,0.00013542641008347213,0.0,0.03825900911279847,0.004227421699367892,-0.225006455203201,0.0,0.0,0.0
1238.0,12.53516429778699,-6.237363571569275,0.0,0.0,4.912102367267581e-05,0.0,0.0,-6.579555521237656,20.5794109308,0.0,0.0,0.34219194966838096,0.0,0.000134997773090412,0.0,0.038258771370082136,0.004228032285804359,-0.22500528212699678,0.0,0.0,0.0
1239.0,12.535182717885695,-6.237316924989989,0.0,0.0,4.8956303803421016e-05,0.0,0.0,-6.579506481837427,20.5794109308,0.0,0.0,0.3421895568474378,0.0,0.00013454488091517208,0.0,0.038258534566572945,0.004228639648468327,-0.22500411213115154,0.0,0.0,0.0
1240.0,12.53520128294552,-6.237270481978226,0.0,0.0,4.8782734154816063e-05,0.0,0.0,-6.579457611579989,20.5794109308,0.0,0.0,0.3421871296017631,0.0,0.0001340676670202231,0.0,0.03825829874595328,0.0042292436706276165,-0.22500294542250976,0.0,0.0,0.0
1241.0,12.535219990798275,-6.2372242512129725,0.0,0.0,4.86002917513286e-05,0.0,0.0,-6.579408919326717,20.5794109308,0.0,0.0,0.3421846681137444,0.0,0.0001335660684106309,0.0,0.03825806395199853,0.004229844235416641,-0.22500178220857683,0.0,0.0,0.0
1242.0,12.535238839240217,-6.237178241388959,0.0,0.0,4.840895491678911e-05,0.0,0.0,-6.579360413961312,20.5794109308,0.0,0.0,0.34218217257235306,0.0,0.0001330400256645183,0.0,0.03825783022857056,0.004230441225854684,-0.22500062269748955,0.0,0.0,0.0
1243.0,12.535257826032197,-6.237132461215343,0.0,0.0,4.820870328535422e-05,0.0,0.0,-6.579312104388497,20.5794109308,0.0,0.0,0.34217964317315364,0.0,0.00013248948296312347,0.0,0.03825759761961115,0.004231034524863897,-0.22499946709798602,0.0,0.0,0.0
1244.0,12.535276948899824,-6.237086919414391,0.0,0.0,4.799951781232321e-05,0.0,0.0,-6.579263999532703,20.5794109308,0.0,0.0,0.3421770801183115,0.0,0.00013191438812045264,0.0,0.03825736616913541,0.004231624015287663,-0.22499831561937556,0.0,0.0,0.0
1245.0,12.53529620553362,-6.237041624720144,0.0,0.0,4.778138078479964e-05,0.0,0.0,-6.579216108336738,20.5794109308,0.0,0.0,0.34217448361659475,0.0,0.00013131469261250502,0.0,0.038257135921225,0.004232209579909177,-0.22499716847150814,0.0,0.0,0.0
1246.0,12.535315593589194,-6.2369965858770735,0.0,0.0,4.7554275832205254e-05,0.0,0.0,-6.579168439760457,20.5794109308,0.0,0.0,0.3421718538833831,0.0,0.00013069035160608974,0.0,0.03825690692002148,0.004232791101469874,-0.22499602586474363,0.0,0.0,0.0
1247.0,12.535335110687422,-6.236951811638737,0.0,0.0,4.731818793663222e-05,0.0,0.0,-6.579121002779404,20.5794109308,0.0,0.0,0.342169191140667,0.0,0.0001300413239871963,0.0,0.03825667920971953,0.004233368462688125,-0.2249948880099208,0.0,0.0,0.0
1248.0,12.535354754414621,-6.236907310766413,0.0,0.0,4.7073103443040823e-05,0.0,0.0,-6.579073806383465,20.5794109308,0.0,0.0,0.34216649561705204,0.0,0.00012936757238893838,0.0,0.03825645283456007,0.004233941546278069,-0.22499375511832592,0.0,0.0,0.0
1249.0,12.53537452232275,-6.236863092027734,0.0,0.0,4.681901006929571e-05,0.0,0.0,-6.579026859575493,20.5794109308,0.0,0.0,0.3421637675477589,0.0,0.00012866906321905183,0.0,0.03825622783882345,0.0042345102349685,-0.2249926274016616,0.0,0.0,0.0
1250.0,12.535394411929593,-6.236819164195308,0.0,0.0,4.6555896916035966e-05,0.0,0.0,-6.578980171369935,20.5794109308,0.0,0.0,0.34216100717462705,0.0,0.00012794576668693393,0.0,0.038256004266822505,0.004235074411521739,-0.2249915050720146,0.0,0.0,0.0
1251.0,12.535414420718975,-6.236775536045329,0.0,0.0,4.628375447638233e-05,0.0,0.0,-6.578933750791439,20.5794109308,0.0,0.0,0.3421582147461102,0.0,0.00012719765683023341,0.0,0.03825578216289558,0.004235633958752996,-0.22499038834182397,0.0,0.0,0.0
1252.0,12.535434546140964,-6.236732216356186,0.0,0.0,4.600257464547385e-05,0.0,0.0,-6.578887606873462,20.5794109308,0.0,0.0,0.3421553905172754,0.0,0.0001264247115409694,0.0,0.03825556157139955,0.00423618875954937,-0.2249892774238489,0.0,0.0,0.0
1253.0,12.535454785612089,-6.236689213907058,0.0,0.0,4.571235072983403e-05,0.0,0.0,-6.578841748656859,20.5794109308,0.0,0.0,0.34215253474980045,0.0,0.0001256269125911803,0.0,0.03825534253670276,0.004236738696889147,-0.224988172531136,0.0,0.0,0.0
1254.0,12.535475136515565,-6.236646537476501,0.0,0.0,4.541307745656448e-05,0.0,0.0,-6.57879618518847,20.5794109308,0.0,0.0,0.34214964771196943,0.0,0.00012480424565809628,0.0,0.038255125103177946,0.004237283653861376,-0.22498707387698696,0.0,0.0,0.0
1255.0,12.53549559620152,-6.236604195841027,0.0,0.0,4.510475098235881e-05,0.0,0.0,-6.578750925519695,20.5794109308,0.0,0.0,0.3421467296786682,0.0,0.00012395670034881656,0.0,0.03825490931519504,0.004237823513685124,-0.22498598167492512,0.0,0.0,0.0
1256.0,12.53551616198723,-6.236562197773679,0.0,0.0,4.478736890234338e-05,0.0,0.0,-6.578705978705057,20.5794109308,0.0,0.0,0.34214378093137743,0.0,0.0001230842702245085,0.0,0.03825469521711411,0.0042383581597293385,-0.22498489613866257,0.0,0.0,0.0
1257.0,12.53553683115737,-6.236520552042596,0.0,0.0,4.446093025873318e-05,0.0,0.0,-6.5786613538007614,20.5794109308,0.0,0.0,0.3421408017581653,0.0,0.0001221869528240972,0.0,0.03825448285327802,0.004238887475532249,-0.2249838174820667,0.0,0.0,0.0
1258.0,12.535557600964252,-6.236479267409565,0.0,0.0,4.4125435549305256e-05,0.0,0.0,-6.5786170598632445,20.5794109308,0.0,0.0,0.3421377924536797,0.0,0.00012126474968745199,0.0,0.038254272268005284,0.004239411344821323,-0.2249827459191266,0.0,0.0,0.0
1259.0,12.53557846862809,-6.236438352628577,0.0,0.0,4.3780886735688774e-05,0.0,0.0,-6.578573105947714,20.5794109308,0.0,0.0,0.34213475331913745,0.0,0.0001203176663780673,0.0,0.0382540635055827,0.004239929651532984,-0.2249816816639191,0.0,0.0,0.0
1260.0,12.53559943133726,-6.236397816444366,0.0,0.0,4.342728725146258e-05,0.0,0.0,-6.57852950110668,20.5794109308,0.0,0.0,0.3421316846623146,0.0,0.00011934571250521282,0.0,0.038253856610258076,0.004240442279832626,-0.22498062493057497,0.0,0.0,0.0
1261.0,12.53562048624857,-6.236357667590946,0.0,0.0,4.306464201006667e-05,0.0,0.0,-6.57848625438848,20.5794109308,0.0,0.0,0.3421285867975339,0.0,0.00011834890174557083,0.0,0.03825365162623283,0.004240949114134571,-0.22497957593324444,0.0,0.0,0.0
1262.0,12.535641630487536,-6.236317914790141,0.0,0.0,4.269295741251793e-05,0.0,0.0,-6.578443374835795,20.5794109308,0.0,0.0,0.34212546004565425,0.0,0.00011732725186433409,0.0,0.0382534485976546,0.004241450039122102,-0.22497853488606284,0.0,0.0,0.0
1263.0,12.535662861148666,-6.236278566750107,0.0,0.0,4.231224135493139e-05,0.0,0.0,-6.578400871484159,20.5794109308,0.0,0.0,0.34212230473405203,0.0,0.00011628078473576776,0.0,0.03825324756860983,0.004241944939767747,-0.22497750200311598,0.0,0.0,0.0
1264.0,12.535684175295746,-6.236239632163848,0.0,0.0,4.192250323584506e-05,0.0,0.0,-6.578358753360456,20.5794109308,0.0,0.0,0.3421191211966086,0.0,0.00011520952636323016,0.0,0.03825304858311632,0.00424243370135334,-0.2249764774984053,0.0,0.0,0.0
1265.0,12.53570556996214,-6.236201119707726,0.0,0.0,4.152375396334206e-05,0.0,0.0,-6.578317029481422,20.5794109308,0.0,0.0,0.3421159097736961,0.0,0.00011411350689863518,0.0,0.03825285168511565,0.004242916209490383,-0.22497546158581286,0.0,0.0,0.0
1266.0,12.535727042151093,-6.236163038039967,0.0,0.0,4.111600596197644e-05,0.0,0.0,-6.578275708852123,20.5794109308,0.0,0.0,0.34211267081215624,0.0,0.0001129927606613737,0.0,0.038252656918465744,0.004243392350140401,-0.2249744544790661,0.0,0.0,0.0
1267.0,12.53574858883604,-6.23612539579916,0.0,0.0,4.069927317948804e-05,0.0,0.0,-6.578234800464442,20.5794109308,0.0,0.0,0.3421094046652824,0.0,0.00011184732615665428,0.0,0.038252464326933286,0.004243862009635335,-0.22497345639170252,0.0,0.0,0.0
1268.0,12.535770206960917,-6.2360882016027475,0.0,0.0,4.02735710933139e-05,0.0,0.0,-6.578194313295549,20.5794109308,0.0,0.0,0.3421061116928019,0.0,0.00011067724609328342,0.0,0.03825227395418609,0.004244325074697949,-0.22497246753703415,0.0,0.0,0.0
1269.0,12.535791893440493,-6.236051464045516,0.0,0.0,3.98389167168904e-05,0.0,0.0,-6.5781542563063695,20.5794109308,0.0,0.0,0.34210279226085394,0.0,0.00010948256740086966,0.0,0.03825208584378554,0.004244781432462472,-0.22497148812811163,0.0,0.0,0.0
1270.0,12.535813645160689,-6.236015191698078,0.0,0.0,3.939532860574528e-05,0.0,0.0,-6.578114638440044,20.5794109308,0.0,0.0,0.34209944674196624,0.0,0.00010826334124644912,0.0,0.03825190003917894,0.0042452309704951036,-0.22497051837768867,0.0,0.0,0.0
1271.0,12.535835458978921,-6.235979393105352,0.0,0.0,3.894282686337766e-05,0.0,0.0,-6.578075468620385,20.5794109308,0.0,0.0,0.34209607551503307,0.0,0.0001070196230505275,0.0,0.03825171658369184,0.004245673576814532,-0.2249695584981857,0.0,0.0,0.0
1272.0,12.535857331724442,-6.235944076785033,0.0,0.0,3.848143314691646e-05,0.0,0.0,-6.578036755750325,20.5794109308,0.0,0.0,0.34209267896529205,0.0,0.00010575147250251212,0.0,0.03825153552052034,0.004246109139912843,-0.22496860870165375,0.0,0.0,0.0
1273.0,12.535879260198687,-6.235909251226065,0.0,0.0,3.801117067257026e-05,0.0,0.0,-6.577998508710361,20.5794109308,0.0,0.0,0.34208925748429575,0.0,0.00010445895357557001,0.0,0.03825135689272337,0.004246537548776033,-0.22496766919973826,0.0,0.0,0.0
1274.0,12.53590124117563,-6.235874924887103,0.0,0.0,3.7532064220848534e-05,0.0,0.0,-6.57796073635699,20.5794109308,0.0,0.0,0.3420858114698868,0.0,0.00010314213454085693,0.0,0.03825118074321498,0.004246958692904743,-0.22496674020364246,0.0,0.0,0.0
1275.0,12.535923271402147,-6.235841106194975,0.0,0.0,3.704414014157005e-05,0.0,0.0,-6.577923447521146,20.5794109308,0.0,0.0,0.34208234132617044,0.0,0.00010180108798116058,0.0,0.03825100711475657,0.004247372462335169,-0.2249658219240907,0.0,0.0,0.0
1276.0,12.535945347598384,-6.235807803543143,0.0,0.0,3.6547426358638744e-05,0.0,0.0,-6.577886651006625,20.5794109308,0.0,0.0,0.3420788474634824,0.0,0.00010043589080390442,0.0,0.03825083604994914,0.004247778747659914,-0.22496491457129192,0.0,0.0,0.0
1277.0,12.53596746645813,-6.235775025290149,0.0,0.0,3.604195237460263e-05,0.0,0.0,-6.577850355588512,20.5794109308,0.0,0.0,0.34207533029836323,0.0,9.90466242535544e-05,0.0,0.03825066759122541,0.004248177440048573,-0.22496401835490237,0.0,0.0,0.0
1278.0,12.5359896246492,-6.235742779758074,0.0,0.0,3.552774927497572e-05,0.0,0.0,-6.577814570011598,20.5794109308,0.0,0.0,0.34207179025352374,0.0,9.763337392337411e-05,0.0,0.03825050178084213,0.004248568431268918,-0.224963133483989,0.0,0.0,0.0
1279.0,12.536011818813824,-6.235711075230981,0.0,0.0,3.5004849732339246e-05,0.0,0.0,-6.577779302988794,20.5794109308,0.0,0.0,0.34206822775781287,0.0,9.619622976657283e-05,0.0,0.03825033866087214,0.004248951613707558,-0.22496226016699217,0.0,0.0,0.0
1280.0,12.536034045569036,-6.235679919953359,0.0,0.0,3.4473288010203245e-05,0.0,0.0,-6.577744563199544,20.5794109308,0.0,0.0,0.3420646432461849,0.0,9.473528610679473e-05,0.0,0.038250178273196565,0.004249326880391105,-0.22496139861168835,0.0,0.0,0.0
1281.0,12.53605630150708,-6.235649322128569,0.0,0.0,3.393309996663933e-05,0.0,0.0,-6.577710359288232,20.5794109308,0.0,0.0,0.3420610371596631,0.0,9.325064164797896e-05,0.0,0.038250020659497,0.004249694125006795,-0.22496054902515278,0.0,0.0,0.0
1282.0,12.536078583195811,-6.235619289917279,0.0,0.0,3.338432305767531e-05,0.0,0.0,-6.577676699862583,20.5794109308,0.0,0.0,0.342057409945304,0.0,9.174239948356506e-05,0.0,0.03824986586124757,0.0042500532419237624,-0.22495971161372225,0.0,0.0,0.0
1283.0,12.536100887179115,-6.235589831435908,0.0,0.0,3.2826996340455134e-05,0.0,0.0,-6.57764359349207,20.5794109308,0.0,0.0,0.3420537620561621,0.0,9.021066710505337e-05,0.0,0.038249713919707065,0.004250404126213761,-0.22495888658295715,0.0,0.0,0.0
1284.0,12.536123209977323,-6.235560954755055,0.0,0.0,3.226116047615544e-05,0.0,0.0,-6.577611048706302,20.5794109308,0.0,0.0,0.3420500939512472,0.0,8.865555640989632e-05,0.0,0.03824956487591107,0.004250746673672243,-0.22495807413760427,0.0,0.0,0.0
1285.0,12.536145548087633,-6.235532667897939,0.0,0.0,3.168685773266427e-05,0.0,0.0,-6.577579073993428,20.5794109308,0.0,0.0,0.34204640609548953,0.0,8.707718370873634e-05,0.0,0.03824941877066404,0.0042510807808393836,-0.22495727448155872,0.0,0.0,0.0
1286.0,12.536167897984555,-6.235504978838828,0.0,0.0,3.110413198701497e-05,0.0,0.0,-6.577547677798522,20.5794109308,0.0,0.0,0.34204269895969386,0.0,8.547566973197107e-05,0.0,0.03824927564453138,0.0042514063450208445,-0.22495648781782643,0.0,0.0,0.0
1287.0,12.536190256120333,-6.235477895501474,0.0,0.0,3.05130287275744e-05,0.0,0.0,-6.577516868521976,20.5794109308,0.0,0.0,0.342038973020502,0.0,8.385113963564339e-05,0.0,0.03824913553783155,0.004251723264308976,-0.22495571434848602,0.0,0.0,0.0
1288.0,12.536212618925399,-6.235451425757541,0.0,0.0,2.9913595055987483e-05,0.0,0.0,-6.577486654517888,20.5794109308,0.0,0.0,0.34203522876034764,0.0,8.220372300666236e-05,0.0,0.03824899849062809,0.0042520314376037205,-0.22495495427465095,0.0,0.0,0.0
1289.0,12.53623498280882,-6.235425577425036,0.0,0.0,2.9305879688872742e-05,0.0,0.0,-6.577457044092447,20.5794109308,0.0,0.0,0.3420314666674109,0.0,8.053355386734e-05,0.0,0.03824886454272177,0.004252330764633508,-0.22495420779643166,0.0,0.0,0.0
1290.0,12.536257344158754,-6.235400358266742,0.0,0.0,2.868993295926404e-05,0.0,0.0,-6.577428045502316,20.5794109308,0.0,0.0,0.3420276872355741,0.0,7.884077067923103e-05,0.0,0.038248733733642584,0.004252621145976174,-0.2249534751128972,0.0,0.0,0.0
1291.0,12.536279699342913,-6.235375775988643,0.0,0.0,2.806580681780571e-05,0.0,0.0,-6.577399666953017,20.5794109308,0.0,0.0,0.34202389096437447,0.0,7.712551634629571e-05,0.0,0.03824860610264182,0.004252902483080051,-0.22495275642203746,0.0,0.0,0.0
1292.0,12.536302044709029,-6.235351838238356,0.0,0.0,2.7433554833691303e-05,0.0,0.0,-6.577371916597312,20.5794109308,0.0,0.0,0.3420200783589564,0.0,7.53879382173582e-05,0.0,0.03824848168868419,0.004253174678284691,-0.22495205192072476,0.0,0.0,0.0
1293.0,12.536324376585332,-6.235328552603562,0.0,0.0,2.679323219534807e-05,0.0,0.0,-6.577344802533585,20.5794109308,0.0,0.0,0.34201624993002344,0.0,7.362818808786734e-05,0.0,0.0382483605304398,0.0042534376348418584,-0.22495136180467573,0.0,0.0,0.0
1294.0,12.536346691281025,-6.235305926610438,0.0,0.0,2.6144895710866713e-05,0.0,0.0,-6.5773183328042215,20.5794109308,0.0,0.0,0.3420124061937839,0.0,7.184642220095791e-05,0.0,0.038248242666276286,0.004253691256936365,-0.22495068626841314,0.0,0.0,0.0
1295.0,12.536368985086776,-6.235283967722084,0.0,0.0,2.548860380816991e-05,0.0,0.0,-6.577292515393988,20.5794109308,0.0,0.0,0.34200854767190414,0.0,7.004280124779491e-05,0.0,0.038248128134250874,0.004253935449706883,-0.22495002550522764,0.0,0.0,0.0
1296.0,12.536391254275202,-6.23526268333696,0.0,0.0,2.4824416534925107e-05,0.0,0.0,-6.577267358228413,20.5794109308,0.0,0.0,0.34200467489145314,0.0,6.821749036721604e-05,0.0,0.03824801697210241,0.004254170119266737,-0.22494937970713924,0.0,0.0,0.0
1297.0,12.536413495101373,-6.23524208078732,0.0,0.0,2.4152395558191855e-05,0.0,0.0,-6.57724286917217,20.5794109308,0.0,0.0,0.3420007883848495,0.0,6.637065914464569e-05,0.0,0.03824790921724347,0.00425439517272469,-0.22494874906485934,0.0,0.0,0.0
1298.0,12.53643570380331,-6.235222167337647,0.0,0.0,2.347260416381117e-05,0.0,0.0,-6.577219056027453,20.5794109308,0.0,0.0,0.34199688868980616,0.0,6.450248161030108e-05,0.0,0.038247804906752475,0.004254610518205623,-0.22494813376775247,0.0,0.0,0.0
1299.0,12.5364578766025,-6.23520295018309,0.0,0.0,2.2785107255528656e-05,0.0,0.0,-6.577195926532364,20.5794109308,0.0,0.0,0.3419929763492746,0.0,6.261313623666803e-05,0.0,0.03824770407736572,0.004254816064871256,-0.2249475340037974,0.0,0.0,0.0
1300.0,12.536480009704404,-6.235184436447905,0.0,0.0,2.2089971353853395e-05,0.0,0.0,-6.577173488359291,20.5794109308,0.0,0.0,0.3419890519113862,0.0,6.070280593525176e-05,0.0,0.038247606765469525,0.004255011722940669,-0.2249469499595496,0.0,0.0,0.0
1301.0,12.53650209929898,-6.235166633183898,0.0,0.0,2.138726459464791e-05,0.0,0.0,-6.577151749113294,20.5794109308,0.0,0.0,0.34198511592939607,0.0,5.877167805259017e-05,0.0,0.03824751300709233,0.004255197403711025,-0.2249463818201024,0.0,0.0,0.0
1302.0,12.53652414156121,-6.23514954736887,0.0,0.0,2.0677056727455868e-05,0.0,0.0,-6.5771307163304895,20.5794109308,0.0,0.0,0.34198116896161945,0.0,5.681994436554779e-05,0.0,0.03824742283789683,0.004255373019577929,-0.22494582976904895,0.0,0.0,0.0
1303.0,12.53654613265163,-6.235133185905065,0.0,0.0,1.995941911355185e-05,0.0,0.0,-6.5771103974764396,20.5794109308,0.0,0.0,0.3419772115713746,0.0,5.484780107584746e-05,0.0,0.03824733629317213,0.0042555384840560345,-0.2249452939884439,0.0,0.0,0.0
1304.0,12.53656806871686,-6.23511755561762,0.0,0.0,1.9234424723730977e-05,0.0,0.0,-6.577090799944539,20.5794109308,0.0,0.0,0.341973244326919,0.0,5.2855448803888884e-05,0.0,0.03824725340782585,0.004255693711799333,-0.22494477465876522,0.0,0.0,0.0
1305.0,12.536589945890158,-6.235102663253023,0.0,0.0,1.8502148135818702e-05,0.0,0.0,-6.57707193105441,20.5794109308,0.0,0.0,0.34196926780138703,0.0,5.084309258179984e-05,0.0,0.038247174216376356,0.004255838618621541,-0.2249442719588759,0.0,0.0,0.0
1306.0,12.536611760291958,-6.2350885154775675,0.0,0.0,1.776266553191391e-05,0.0,0.0,-6.577053798050291,20.5794109308,0.0,0.0,0.3419652825727235,0.0,4.8810941845756214e-05,0.0,0.0382470987529449,0.004255973121516293,-0.22494378606598583,0.0,0.0,0.0
1307.0,12.536633508030423,-6.2350751188758196,0.0,0.0,1.701605469535246e-05,0.0,0.0,-6.577036408099441,20.5794109308,0.0,0.0,0.34196128922362146,0.0,4.675921042753591e-05,0.0,0.038247027051247884,0.004256097138677389,-0.22494331715561383,0.0,0.0,0.0
1308.0,12.536655185202006,-6.235062479949082,0.0,0.0,1.626239500740084e-05,0.0,0.0,-6.577019768290535,20.5794109308,0.0,0.0,0.3419572883414528,0.0,4.4688116545332876e-05,0.0,0.03824695914458901,0.00425621058951893,-0.2249428654015494,0.0,0.0,0.0
1309.0,12.536676787892013,-6.235050605113868,0.0,0.0,1.5501767443673412e-05,0.0,0.0,-6.577003885632069,20.5794109308,0.0,0.0,0.34195328051820173,0.0,4.259788279381372e-05,0.0,0.03824689506585163,0.004256313394695302,-0.22494243097581484,0.0,0.0,0.0
1310.0,12.536698312175165,-6.235039500700374,0.0,0.0,1.4734254570267373e-05,0.0,0.0,-6.576988767050769,20.5794109308,0.0,0.0,0.3419492663503947,0.0,4.0488736133400767e-05,0.0,0.038246834847490925,0.00425640547612105,-0.22494201404862724,0.0,0.0,0.0
1311.0,12.536719754116179,-6.235029172950966,0.0,0.0,1.3959940539626306e-05,0.0,0.0,-6.576974419389999,20.5794109308,0.0,0.0,0.3419452464390327,0.0,3.8360907878811434e-05,0.0,0.03824677852152624,0.004256486756990904,-0.22494161478836072,0.0,0.0,0.0
1312.0,12.536741109770336,-6.235019628018665,0.0,0.0,1.3178911086121362e-05,0.0,0.0,-6.576960849408182,20.5794109308,0.0,0.0,0.34194122138951677,0.0,3.6214633686824066e-05,0.0,0.03824672611953345,0.004256557161799401,-0.22494123336150862,0.0,0.0,0.0
1313.0,12.536762375184072,-6.2350108719656365,0.0,0.0,1.2391253521353606e-05,0.0,0.0,-6.576948063777215,20.5794109308,0.0,0.0,0.3419371918115788,0.0,3.405015354327988e-05,0.0,0.03824667767263722,0.004256616616360634,-0.22494086993264564,0.0,0.0,0.0
1314.0,12.53678354639556,-6.235002910761694,0.0,0.0,1.1597056729177284e-05,0.0,0.0,-6.576936069080899,20.5794109308,0.0,0.0,0.3419331583192049,0.0,3.186771174932048e-05,0.0,0.038246633211503483,0.004256665047827762,-0.22494052466439063,0.0,0.0,0.0
1315.0,12.536804619435305,-6.234995750282802,0.0,0.0,1.0796411160436623e-05,0.0,0.0,-6.576924871813366,20.5794109308,0.0,0.0,0.34192912153056465,0.0,2.9667556906840815e-05,0.0,0.038246592766331765,0.004256702384712555,-0.22494019771736867,0.0,0.0,0.0
1316.0,12.53682559032674,-6.234989396309584,0.0,0.0,9.98940882742751e-06,0.0,0.0,-6.576914478377517,20.5794109308,0.0,0.0,0.3419250820679327,0.0,2.7449941903188648e-05,0.0,0.038246556366847685,0.004256728556904718,-0.22493988925017389,0.0,0.0,0.0
1317.0,12.53684645508683,-6.234983854525847,0.0,0.0,9.176143298069382e-06,0.0,0.0,-6.5769048950834605,20.5794109308,0.0,0.0,0.3419210405576134,0.0,2.5215123895070535e-05,0.0,0.03824652404229541,0.004256743495691051,-0.2249395994193322,0.0,0.0,0.0
1318.0,12.536867209726669,-6.234979130517102,0.0,0.0,8.356709689799086e-06,0.0,0.0,-6.576896128146964,20.5794109308,0.0,0.0,0.3419169976298617,0.0,2.2963364291696533e-05,0.0,0.038246495821430124,0.00425674713377476,-0.22493932837926406,0.0,0.0,0.0
1319.0,12.536887850252102,-6.234975229769098,0.0,0.0,7.531204663176442e-06,0.0,0.0,-6.576888183687904,20.5794109308,0.0,0.0,0.34191295391880594,0.0,2.0694928737135603e-05,0.0,0.03824647173251064,0.004256739405294391,-0.2249390762822474,0.0,0.0,0.0
1320.0,12.53690837266433,-6.234972157666364,0.0,0.0,6.699726415208207e-06,0.0,0.0,-6.576881067728729,20.5794109308,0.0,0.0,0.34190891006236424,0.0,1.841008709190017e-05,0.0,0.038246451803291934,0.004256720245842657,-0.22493884327838087,0.0,0.0,0.0
1321.0,12.536928772960538,-6.234969919490754,0.0,0.0,5.862374672382452e-06,0.0,0.0,-6.576874786192922,20.5794109308,0.0,0.0,0.34190486670216824,0.0,1.610911341373792e-05,0.0,0.03824643606101779,0.0042566895924853465,-0.22493862951554688,0.0,0.0,0.0
1322.0,12.536949047134511,-6.234968520420004,0.0,0.0,5.019250683421582e-06,0.0,0.0,-6.576869344903483,20.5794109308,0.0,0.0,0.3419008244834787,0.0,1.379228593765364e-05,0.0,0.03824642453241343,0.004256647383779885,-0.22493843513937517,0.0,0.0,0.0
1323.0,12.536969191177265,-6.2349679655263,0.0,0.0,4.170457211744926e-06,0.0,0.0,-6.5768647495814,20.5794109308,0.0,0.0,0.34189678405510016,0.0,1.1459887055136122e-05,0.0,0.038246417243678214,0.004256593559793839,-0.22493826029320613,0.0,0.0,0.0
1324.0,12.536989201077677,-6.2349682597748455,0.0,0.0,3.316098527646905e-06,0.0,0.0,-6.576861005844147,20.5794109308,0.0,0.0,0.3418927460693011,0.0,9.112203292606799e-06,0.0,0.03824641422047842,0.004256528062123371,-0.22493810511805473,0.0,0.0,0.0
1325.0,12.537009072823125,-6.23496940802245,0.0,0.0,2.4562804001874587e-06,0.0,0.0,-6.576858119204175,20.5794109308,0.0,0.0,0.34188871118172504,0.0,6.749525289081026e-06,0.0,0.03824641548794003,0.004256450833911324,-0.22493796975257407,0.0,0.0,0.0
1326.0,12.537028802400117,-6.234971415016118,0.0,0.0,1.5911100887930489e-06,0.0,0.0,-6.5768560950674235,20.5794109308,0.0,0.0,0.34188468005130535,0.0,4.37214777303749e-06,0.0,0.03824642107064148,0.004256361819865537,-0.22493785433301983,0.0,0.0,0.0
1327.0,12.53704838579495,-6.234974285391649,0.0,0.0,7.206963345726613e-07,0.0,0.0,-6.576854938731828,20.5794109308,0.0,0.0,0.34188065334017903,0.0,1.9803695385079178e-06,0.0,0.03824643099260664,0.004256260966276557,-0.22493775899321394,0.0,0.0,0.0
1328.0,12.537067818994345,-6.234978023672252,0.0,0.0,-1.548506486570659e-07,0.0,0.0,-6.576854655385847,20.5794109308,0.0,0.0,0.3418766317135953,0.0,-4.2550657962890675e-07,0.0,0.03824644527729768,0.004256148221035594,-0.22493768386450946,0.0,0.0,0.0
1329.0,12.5370870979861,-6.234982634267162,0.0,0.0,-1.0354191836364776e-06,0.0,0.0,-6.576855250106992,20.5794109308,0.0,0.0,0.3418726158398302,0.0,-2.8451737311457735e-06,0.0,0.038246463947608084,0.004256023533652037,-0.22493762907575487,0.0,0.0,0.0
1330.0,12.53710621875975,-6.234988121470278,0.0,0.0,-1.920896139210412e-06,0.0,0.0,-6.5768567278603705,20.5794109308,0.0,0.0,0.34186860639009264,0.0,-5.278321076739281e-06,0.0,0.03824648702585563,0.004255886855271035,-0.224937594753259,0.0,0.0,0.0
1331.0,12.537125177307217,-6.234994489458801,0.0,0.0,-2.811166940169972e-06,0.0,0.0,-6.576859093497235,20.5794109308,0.0,0.0,0.34186460403843366,0.0,-7.72463381510691e-06,0.0,0.03824651453377552,0.004255738138690776,-0.224937581020756,0.0,0.0,0.0
1332.0,12.537143969623479,-6.235001742291888,0.0,0.0,-3.7061155773818624e-06,0.0,0.0,-6.576862351753545,20.5794109308,0.0,0.0,0.34186060946165675,0.0,-1.0183793210810481e-05,0.0,0.0382465464925135,0.004255577338379626,-0.22493758799937044,0.0,0.0,0.0
1333.0,12.53716259170723,-6.235009883909318,0.0,0.0,-4.605624618205102e-06,0.0,0.0,-6.576866507248539,20.5794109308,0.0,0.0,0.34185662333922107,0.0,-1.265547662292541e-05,0.0,0.03824658292261902,0.00425540441049313,-0.22493761580758276,0.0,0.0,0.0
1334.0,12.537181039561547,-6.235018918130168,0.0,0.0,-5.509575217199694e-06,0.0,0.0,-6.576871564483316,20.5794109308,0.0,0.0,0.34185264635314816,0.0,-1.513935753448826e-05,0.0,0.03824662384403852,0.004255219312890746,-0.22493766456119518,0.0,0.0,0.0
1335.0,12.537199309194571,-6.235028848651498,0.0,0.0,-6.417847127120262e-06,0.0,0.0,-6.576877527839426,20.5794109308,0.0,0.0,0.34184867918792783,0.0,-1.7635105582723394e-05,0.0,0.03824666927610872,0.004255022005152528,-0.22493773437329714,0.0,0.0,0.0
1336.0,12.537217396620168,-6.235039679047056,0.0,0.0,-7.330318710202284e-06,0.0,0.0,-6.576884401577477,20.5794109308,0.0,0.0,0.3418447225304204,0.0,-2.014238659006955e-05,0.0,0.03824671923754996,0.004254812448595657,-0.2249378253542318,0.0,0.0,0.0
1337.0,12.537235297858611,-6.235051412765988,0.0,0.0,-8.246866949734954e-06,0.0,0.0,-6.576892189835747,20.5794109308,0.0,0.0,0.3418407770697591,0.0,-2.2660862595989957e-05,0.0,0.03824677374645967,0.004254590606290562,-0.22493793761156228,0.0,0.0,0.0
1338.0,12.537253008937267,-6.235064053131561,0.0,0.0,-9.167367461922599e-06,0.0,0.0,-6.576900896628815,20.5794109308,0.0,0.0,0.3418368434972541,0.0,-2.5190191889571193e-05,0.0,0.038246832820305825,0.004254356443077048,-0.22493807125003823,0.0,0.0,0.0
1339.0,12.537270525891271,-6.235077603339905,0.0,0.0,-1.0091694508035356e-05,0.0,0.0,-6.576910525846197,20.5794109308,0.0,0.0,0.34183292250629194,0.0,-2.7730029042912678e-05,0.0,0.038246896475920514,0.004254109925580216,-0.2249382263715627,0.0,0.0,0.0
1340.0,12.537287844764217,-6.235092066458761,0.0,0.0,-1.101972100684736e-05,0.0,0.0,-6.576921081250997,20.5794109308,0.0,0.0,0.3418290147922356,0.0,-3.0280024945301963e-05,0.0,0.038246964729493516,0.004253851022226043,-0.2249384030751596,0.0,0.0,0.0
1341.0,12.537304961608843,-6.235107445426248,0.0,0.0,-1.1951318547361458e-05,0.0,0.0,-6.576932566478572,20.5794109308,0.0,0.0,0.34182512105232377,0.0,-3.283982683817305e-05,0.0,0.03824703759656607,0.0042535797032570155,-0.22493860145694067,0.0,0.0,0.0
1342.0,12.537321872487725,-6.235123743049641,0.0,0.0,-1.2886357401824282e-05,0.0,0.0,-6.57694498503521,20.5794109308,0.0,0.0,0.34182124198556885,0.0,-3.540907835085824e-05,0.0,0.038247115092024546,0.004253295940747331,-0.2249388216100735,0.0,0.0,0.0
1343.0,12.537338573473967,-6.235140962004162,0.0,0.0,-1.3824706539024156e-05,0.0,0.0,-6.576958340296818,20.5794109308,0.0,0.0,0.3418173782926557,0.0,-3.798741953711275e-05,0.0,0.03824719723009426,0.0042529997086179355,-0.22493906362474952,0.0,0.0,0.0
1344.0,12.5373550606519,-6.235159104831788,0.0,0.0,-1.4766233637878142e-05,0.0,0.0,-6.576972635507623,20.5794109308,0.0,0.0,0.341813530675835,0.0,-4.0574486912429486e-05,0.0,0.03824728402433346,0.004252690982651422,-0.22493932758815205,0.0,0.0,0.0
1345.0,12.537371330117777,-6.235178173940073,0.0,0.0,-1.5710805101305157e-05,0.0,0.0,-6.576987873778895,20.5794109308,0.0,0.0,0.34180969983882203,0.0,-4.3169913492135375e-05,0.0,0.03824737548762717,0.004252369740506801,-0.2249396135844254,0.0,0.0,0.0
1346.0,12.537387377980476,-6.235198171600984,0.0,0.0,-1.6658286070383753e-05,0.0,0.0,-6.577004058087675,20.5794109308,0.0,0.0,0.3418058864866911,0.0,-4.577332883026549e-05,0.0,0.038247471632181326,0.004252035961733708,-0.2249399216946431,0.0,0.0,0.0
1347.0,12.537403200362197,-6.235219099949749,0.0,0.0,-1.7608540438792725e-05,0.0,0.0,-6.5770211912755165,20.5794109308,0.0,0.0,0.3418020913257678,0.0,-4.83843590592097e-05,0.0,0.038247572469516815,0.0042516896277868255,-0.2249402519967777,0.0,0.0,0.0
1348.0,12.537418793399173,-6.235240960983729,0.0,0.0,-1.8561430867538778e-05,0.0,0.0,-6.577039276047253,20.5794109308,0.0,0.0,0.34179831506352354,0.0,-5.100262693014375e-05,0.0,0.038247678010463707,0.004251330722039717,-0.22494060456567,0.0,0.0,0.0
1349.0,12.537434153242366,-6.235263756561299,0.0,0.0,-1.95168187999669e-05,0.0,0.0,-6.577058314969766,20.5794109308,0.0,0.0,0.3417945584084672,0.0,-5.362775185423238e-05,0.0,0.03824778826515551,0.004250959229798734,-0.2249409794729991,0.0,0.0,0.0
1350.0,12.537449276058185,-6.2352874884007425,0.0,0.0,-2.047456447705096e-05,0.0,0.0,-6.577078310470781,20.5794109308,0.0,0.0,0.3417908220700383,0.0,-5.6259349944598104e-05,0.0,0.038247903243023525,0.004250575138316379,-0.22494137678725246,0.0,0.0,0.0
1351.0,12.53746415802919,-6.2353121580791715,0.0,0.0,-2.1434526952968116e-05,0.0,0.0,-6.577099264837666,20.5794109308,0.0,0.0,0.34178710675849455,0.0,-5.8897034059064985e-05,0.0,0.03824802295279126,0.00425017843680478,-0.22494179657369645,0.0,0.0,0.0
1352.0,12.537478795354799,-6.235337767031455,0.0,0.0,-2.2396564110956972e-05,0.0,0.0,-6.57712118021626,20.5794109308,0.0,0.0,0.341783413184805,0.0,-6.154041384367768e-05,0.0,0.03824814740246892,0.004249769116448587,-0.22494223889434756,0.0,0.0,0.0
1353.0,12.537493184252007,-6.235364316549166,0.0,0.0,-2.3360532679447687e-05,0.0,0.0,-6.577144058609703,20.5794109308,0.0,0.0,0.3417797420605373,0.0,-6.4189095776963e-05,0.0,0.03824827659934805,0.004249347170417833,-0.22494270380794315,0.0,0.0,0.0
1354.0,12.537507320956095,-6.235391807779548,0.0,0.0,-2.43262882484805e-05,0.0,0.0,-6.5771679018772975,20.5794109308,0.0,0.0,0.34177609409774945,0.0,-6.684268321497939e-05,0.0,0.03824841054999615,0.004248912593880563,-0.22494319136991353,0.0,0.0,0.0
1355.0,12.537521201721345,-6.235420241724497,0.0,0.0,-2.5293685286395037e-05,0.0,0.0,-6.577192711733369,20.5794109308,0.0,0.0,0.34177247000887245,0.0,-6.950077643710578e-05,0.0,0.03824854926025148,0.004248465384015104,-0.22494370163235378,0.0,0.0,0.0
1356.0,12.537534822821755,-6.235449619239559,0.0,0.0,-2.62625771568009e-05,0.0,0.0,-6.57721848974616,20.5794109308,0.0,0.0,0.3417688705066011,0.0,-7.216297269259867e-05,0.0,0.0382486927352179,0.0042480055400221095,-0.22494423464399582,0.0,0.0,0.0
1357.0,12.537548180551756,-6.235479941032952,0.0,0.0,-2.723281613582154e-05,0.0,0.0,-6.577245237336731,20.5794109308,0.0,0.0,0.3417652963037794,0.0,-7.482886624789543e-05,0.0,0.038248840979259804,0.004247533063136383,-0.22494479045018184,0.0,0.0,0.0
1358.0,12.53756127122693,-6.235511207664595,0.0,0.0,-2.8204253429615682e-05,0.0,0.0,-6.577272955777882,20.5794109308,0.0,0.0,0.34176174811328774,0.0,-7.749804843467581e-05,0.0,0.03824899399599711,0.0042470479566384806,-0.22494536909283672,0.0,0.0,0.0
1359.0,12.53757409118473,-6.235543419545167,0.0,0.0,-2.9176739192168924e-05,0.0,0.0,-6.577301646193092,20.5794109308,0.0,0.0,0.3417582266479249,0.0,-8.017010769866083e-05,0.0,0.03824915178830046,0.004246550225865897,-0.22494597061044197,0.0,0.0,0.0
1360.0,12.537586636785193,-6.2355765769351805,0.0,0.0,-3.0150122543359694e-05,0.0,0.0,-6.577331309555475,20.5794109308,0.0,0.0,0.3417547326202941,0.0,-8.284462964916117e-05,0.0,0.03824931435828637,0.004246039878224125,-0.22494659503800962,0.0,0.0,0.0
1361.0,12.537598904411661,-6.235610679944066,0.0,0.0,-3.1124251587296476e-05,0.0,0.0,-6.577361946686755,20.5794109308,0.0,0.0,0.34175126674268874,0.0,-8.552119710936623e-05,0.0,0.03824948170731253,0.004245516923197509,-0.22494724240705646,0.0,0.0,0.0
1362.0,12.537610890471505,-6.235645728529288,0.0,0.0,-3.2098973430922874e-05,0.0,0.0,-6.577393558256261,20.5794109308,0.0,0.0,0.34174782972697226,0.0,-8.819939016736439e-05,0.0,0.038249653835973244,0.004244981372359555,-0.2249479127455789,0.0,0.0,0.0
1363.0,12.537622591396842,-6.2356817224954755,0.0,0.0,-3.3074134202891735e-05,0.0,0.0,-6.5774261447799365,20.5794109308,0.0,0.0,0.341744422284461,0.0,-9.087878622789817e-05,0.0,0.03824983074409491,0.004244433239383241,-0.22494860607802808,0.0,0.0,0.0
1364.0,12.537634003645252,-6.235718661493565,0.0,0.0,-3.404957907270705e-05,0.0,0.0,-6.577459706619376,20.5794109308,0.0,0.0,0.3417410451258105,0.0,-9.355896006485051e-05,0.0,0.0382500124307316,0.0042438725400509025,-0.22494932242528543,0.0,0.0,0.0
1365.0,12.537645123700504,-6.235756545019978,0.0,0.0,-3.502515227012945e-05,0.0,0.0,-6.577494243980868,20.5794109308,0.0,0.0,0.34173769896089023,0.0,-9.623948387445068e-05,0.0,0.038250198894160765,0.0042432992922639134,-0.22495006180463895,0.0,0.0,0.0
1366.0,12.53765594807327,-6.235795372415803,0.0,0.0,-3.600069710484458e-05,0.0,0.0,-6.577529756914472,20.5794109308,0.0,0.0,0.3417343844986691,0.0,-9.891992732919808e-05,0.0,0.03825039013187904,0.00424271351605196,-0.22495082422975937,0.0,0.0,0.0
1367.0,12.53766647330185,-6.235835142866009,0.0,0.0,-3.6976055986398616e-05,0.0,0.0,-6.577566245313103,20.5794109308,0.0,0.0,0.3417311024470946,0.0,-0.00010159985763251562,0.0,0.0382505861405981,0.004242115233582186,-0.22495160971067735,0.0,0.0,0.0
1368.0,12.537676695952891,-6.235875855398674,0.0,0.0,-3.795107044438377e-05,0.0,0.0,-6.577603708911647,20.5794109308,0.0,0.0,0.34172785351297286,0.0,-0.00010427883957408542,0.0,0.0382507869162407,0.004241504469167948,-0.22495241825376078,0.0,0.0,0.0
1369.0,12.537686612622098,-6.2359175088842385,0.0,0.0,-3.8925581148895585e-05,0.0,0.0,-6.577642147286084,20.5794109308,0.0,0.0,0.3417246384018453,0.0,-0.00010695643558592688,0.0,0.03825099245393677,0.004240881249277226,-0.2249532498616924,0.0,0.0,0.0
1370.0,12.537696219934965,-6.235960102034776,0.0,0.0,-3.989942793123662e-05,0.0,0.0,-6.577681559852646,20.5794109308,0.0,0.0,0.34172145781787044,0.0,-0.00010963220579914735,0.0,0.03825120274801961,0.0042402456025409235,-0.22495410453344866,0.0,0.0,0.0
1371.0,12.537705514547486,-6.236003633403284,0.0,0.0,-4.087244980487993e-05,0.0,0.0,-6.577721945866985,20.5794109308,0.0,0.0,0.3417183124637013,0.0,-0.00011230570810140245,0.0,0.03825141779202218,0.004239597559760694,-0.2249549822642778,0.0,0.0,0.0
1372.0,12.537714493146872,-6.236048101383004,0.0,0.0,-4.1844484986685904e-05,0.0,0.0,-6.5777633044233665,20.5794109308,0.0,0.0,0.34171520304036296,0.0,-0.00011497649819504807,0.0,0.03825163757867359,0.004238937153916364,-0.22495588304567968,0.0,0.0,0.0
1373.0,12.537723152452271,-6.236093504206752,0.0,0.0,-4.281537091836657e-05,0.0,0.0,-6.577805634453883,20.5794109308,0.0,0.0,0.34171213024713065,0.0,-0.00011764412965596812,0.0,0.038251862099895555,0.004238264420173596,-0.22495680686538524,0.0,0.0,0.0
1374.0,12.537731489215478,-6.2361398399462855,0.0,0.0,-4.378494428820282e-05,0.0,0.0,-6.57784893472769,20.5794109308,0.0,0.0,0.34170909478140477,0.0,-0.00012030815399309303,0.0,0.03825209134679908,0.004237579395890367,-0.2249577537073369,0.0,0.0,0.0
1375.0,12.537739500221653,-6.236187106511676,0.0,0.0,-4.475304105300951e-05,0.0,0.0,-6.577893203850265,20.5794109308,0.0,0.0,0.34170609733858903,0.0,-0.00012296812070859516,0.0,0.038252325309681194,0.00423688212062398,-0.22495872355166907,0.0,0.0,0.0
1376.0,12.537747182290031,-6.236235301650718,0.0,0.0,-4.571949646034063e-05,0.0,0.0,-6.577938440262685,20.5794109308,0.0,0.0,0.3417031386119662,0.0,-0.0001256235773587399,0.0,0.03825256397802184,0.004236172636137139,-0.22495971637468953,0.0,0.0,0.0
1377.0,12.537754532274642,-6.236284422948354,0.0,0.0,-4.668414507094463e-05,0.0,0.0,-6.577984642240928,20.5794109308,0.0,0.0,0.34170021929257377,0.0,-0.00012827406961541982,0.0,0.03825280734048079,0.004235450986404182,-0.22496073214886134,0.0,0.0,0.0
1378.0,12.537761547065006,-6.236334467826121,0.0,0.0,-4.764682078145343e-05,0.0,0.0,-6.578031807895201,20.5794109308,0.0,0.0,0.3416973400690795,0.0,-0.00013091914132832728,0.0,0.038253055384894805,0.00423471721761659,-0.22496177084278463,0.0,0.0,0.0
1379.0,12.537768223586857,-6.236385433541628,0.0,0.0,-4.8607356847314865e-05,0.0,0.0,-6.578079935169283,20.5794109308,0.0,0.0,0.34169450162765536,0.0,-0.00013355833458779178,0.0,0.038253308098274826,0.004233971378188442,-0.22496283242117993,0.0,0.0,0.0
1380.0,12.537774558802838,-6.236437317188045,0.0,0.0,-4.956558590596032e-05,0.0,0.0,-6.578129021839899,20.5794109308,0.0,0.0,0.34169170465185417,0.0,-0.00013619118978825987,0.0,0.03825356546680328,0.004233213518761492,-0.22496391684487105,0.0,0.0,0.0
1381.0,12.53778054971321,-6.23649011569363,0.0,0.0,-5.052134000020559e-05,0.0,0.0,-6.578179065516113,20.5794109308,0.0,0.0,0.3416889498224833,0.0,-0.00013881724569241198,0.0,0.0382538274758315,0.004232443692209695,-0.22496502407076907,0.0,0.0,0.0
1382.0,12.537786193356556,-6.236543825821263,0.0,0.0,-5.14744506018832e-05,0.0,0.0,-6.578230063638742,20.5794109308,0.0,0.0,0.34168623781747876,0.0,-0.00014143603949591188,0.0,0.03825409410987737,0.004231661953643787,-0.22496615405185677,0.0,0.0,0.0
1383.0,12.53779148681048,-6.236598444168023,0.0,0.0,-5.242474863570615e-05,0.0,0.0,-6.5782820134798,20.5794109308,0.0,0.0,0.341683569311777,0.0,-0.00014404710689278804,0.0,0.03825436535262291,0.004230868360415238,-0.22496730673717352,0.0,0.0,0.0
1384.0,12.537796427192307,-6.236653967164771,0.0,0.0,-5.33720645033534e-05,0.0,0.0,-6.578334912141964,20.5794109308,0.0,0.0,0.3416809449771927,0.0,-0.00014664998214142109,0.0,0.03825464118691217,0.004230062972119919,-0.22496848207180062,0.0,0.0,0.0
1385.0,12.537801011659775,-6.236710391075769,0.0,0.0,-5.431622810778533e-05,0.0,0.0,-6.578388756558058,20.5794109308,0.0,0.0,0.3416783654822897,0.0,-0.0001492441981311596,0.0,0.038254921594749074,0.0042292458506014985,-0.22496967999684742,0.0,0.0,0.0
1386.0,12.537805237411733,-6.236767711998321,0.0,0.0,-5.525706887777771e-05,0.0,0.0,-6.5784435434905735,20.5794109308,0.0,0.0,0.34167583149225234,0.0,-0.0001518292864495331,0.0,0.03825520655729553,0.004228417059954512,-0.22497090044943796,0.0,0.0,0.0
1387.0,12.537809101688831,-6.236825925862438,0.0,0.0,-5.61944157926746e-05,0.0,0.0,-6.578499269531201,20.5794109308,0.0,0.0,0.3416733436687629,0.0,-0.00015440477745006317,0.0,0.038255496054869574,0.004227576666526914,-0.22497214336269789,0.0,0.0,0.0
1388.0,12.537812601774203,-6.2368850284305255,0.0,0.0,-5.712809740735876e-05,0.0,0.0,-6.5785559311003965,20.5794109308,0.0,0.0,0.341670902669871,0.0,-0.00015697020032066938,0.0,0.038255790066943664,0.004226724738922535,-0.2249734086657425,0.0,0.0,0.0
1389.0,12.537815734994158,-6.236945015297103,0.0,0.0,-5.805794187743287e-05,0.0,0.0,-6.578613524446971,20.5794109308,0.0,0.0,0.34166850914986835,0.0,-0.00015952508315265126,0.0,0.038256088572143146,0.004225861348002916,-0.22497469628366468,0.0,0.0,0.0
1390.0,12.53781849871886,-6.237005881888541,0.0,0.0,-5.898377698461398e-05,0.0,0.0,-6.578672045647701,20.5794109308,0.0,0.0,0.34166616375916004,0.0,-0.0001620689530102533,0.0,0.03825639154824474,0.004224986566889077,-0.22497600613752405,0.0,0.0,0.0
1391.0,12.537820890363006,-6.237067623462831,0.0,0.0,-5.990543016233517e-05,0.0,0.0,-6.578731490606968,20.5794109308,0.0,0.0,0.34166386714413655,0.0,-0.00016460133600079653,0.0,0.03825669897217532,0.00422410047096268,-0.2249773381443362,0.0,0.0,0.0
1392.0,12.537822907386506,-6.237130235109376,0.0,0.0,-6.082272852155229e-05,0.0,0.0,-6.578791855056423,20.5794109308,0.0,0.0,0.3416616199470468,0.0,-0.0001671217573453706,0.0,0.038257010820010616,0.0042232031378669765,-0.22497869221706301,0.0,0.0,0.0
1393.0,12.537824547295147,-6.237193711748806,0.0,0.0,-6.173549887675205e-05,0.0,0.0,-6.578853134554679,20.5794109308,0.0,0.0,0.3416594228058729,0.0,-0.0001696297414500773,0.0,0.03825732706697422,0.004222294647507327,-0.22498006826460276,0.0,0.0,0.0
1394.0,12.53782580764127,-6.237258048132828,0.0,0.0,-6.264356777215944e-05,0.0,0.0,-6.578915324487026,20.5794109308,0.0,0.0,0.34165727635419785,0.0,-0.00017212481197781843,0.0,0.038257647687436676,0.004221375082051462,-0.2249814661917822,0.0,0.0,0.0
1395.0,12.537826686024427,-6.237323238844092,0.0,0.0,-6.354676150814206e-05,0.0,0.0,-6.578978420065173,20.5794109308,0.0,0.0,0.3416551812210811,0.0,-0.0001746064919206229,0.0,0.038257972654914596,0.0042204445259292345,-0.22498288589934745,0.0,0.0,0.0
1396.0,12.537827180092053,-6.237389278296091,0.0,0.0,-6.44449061678036e-05,0.0,0.0,-6.579042416327019,20.5794109308,0.0,0.0,0.341653138030928,0.0,-0.0001770743036724912,0.0,0.03825830194207012,0.004219503065832089,-0.22498432728395729,0.0,0.0,0.0
1397.0,12.537827287540114,-6.237456160733084,0.0,0.0,-6.53378276437733e-05,0.0,0.0,-6.579107308136449,20.5794109308,0.0,0.0,0.34165114740336566,0.0,-0.00017952776910277636,0.0,0.03825863552071027,0.0042185507907122055,-0.22498579023817566,0.0,0.0,0.0
1398.0,12.537827006113762,-6.237523880230044,0.0,0.0,-6.622535166517639e-05,0.0,0.0,-6.579173090183157,20.5794109308,0.0,0.0,0.341649209953113,0.0,-0.0001819664096300601,0.0,0.03825897336178666,0.004217587791781163,-0.22498727465046564,0.0,0.0,0.0
1399.0,12.537826333607985,-6.237592430692641,0.0,0.0,-6.710730382479107e-05,0.0,0.0,-6.579239756982494,20.5794109308,0.0,0.0,0.34164732628985295,0.0,-0.0001843897462965398,0.0,0.03825931543539515,0.004216614162508264,-0.2249887804051836,0.0,0.0,0.0
1400.0,12.537825267868255,-6.237661805857243,0.0,0.0,-6.798350960638326e-05,0.0,0.0,-6.579307302875348,20.5794109308,0.0,0.0,0.34164549701810465,0.0,-0.00018679729984290232,0.0,0.03825966171077581,0.004215629998618645,-0.2249903073825743,0.0,0.0,0.0
1401.0,12.537823806791163,-6.237731999290951,0.0,0.0,-6.885379441222037e-05,0.0,0.0,-6.579375722028049,20.5794109308,0.0,0.0,0.3416437227370981,0.0,-0.0001891885907836878,0.0,0.03826001215631285,0.004214635398090721,-0.22499185545876646,0.0,0.0,0.0
1402.0,12.537821948325059,-6.237803004391654,0.0,0.0,-6.971798359075673e-05,0.0,0.0,-6.579445008432297,20.5794109308,0.0,0.0,0.3416420040406436,0.0,-0.00019156313948312422,0.0,0.038260366739534826,0.004213630461153459,-0.2249934245057687,0.0,0.0,0.0
1403.0,12.537819690470677,-6.237874814388123,0.0,0.0,-7.057590246448871e-05,0.0,0.0,-6.579515155905129,20.5794109308,0.0,0.0,0.34164034151700573,0.0,-0.00019392046623142674,0.0,0.03826072542711498,0.0042126152902833,-0.22499501439146685,0.0,0.0,0.0
1404.0,12.53781703128177,-6.23794742234012,0.0,0.0,-7.14273763579783e-05,0.0,0.0,-6.579586158088899,20.5794109308,0.0,0.0,0.3416387357487789,0.0,-0.00019626009132155857,0.0,0.03826108818487152,0.004211589990200493,-0.22499662497962114,0.0,0.0,0.0
1405.0,12.537813968865724,-6.238020821138546,0.0,0.0,-7.227223062603772e-05,0.0,0.0,-6.579658008451302,20.5794109308,0.0,0.0,0.34163718731275594,0.0,-0.00019858153512643367,0.0,0.0382614549777684,0.004210554667865282,-0.2249982561298643,0.0,0.0,0.0
1406.0,12.537810501384174,-6.238095003505608,0.0,0.0,-7.311029068207194e-05,0.0,0.0,-6.579730700285413,20.5794109308,0.0,0.0,0.34163569677980554,0.0,-0.0002008843181765524,0.0,0.03826182576991584,0.004209509432473557,-0.22499990769770065,0.0,0.0,0.0
1407.0,12.537806627053621,-6.238169961995019,0.0,0.0,-7.394138202658021e-05,0.0,0.0,-6.579804226709761,20.5794109308,0.0,0.0,0.34163426471474256,0.0,-0.0002031679612380733,0.0,0.038262200524571306,0.004208454395452102,-0.2250015795345054,0.0,0.0,0.0
1408.0,12.537802344146034,-6.23824568899223,0.0,0.0,-7.476533027580863e-05,0.0,0.0,-6.579878580668433,20.5794109308,0.0,0.0,0.3416328916762028,0.0,-0.00020543198539129943,0.0,0.03826257920414049,0.004207389670453698,-0.22500327148752475,0.0,0.0,0.0
1409.0,12.537797650989445,-6.238322176714681,0.0,0.0,-7.55819611905502e-05,0.0,0.0,-6.5799537549312,20.5794109308,0.0,0.0,0.3416315782165187,0.0,-0.0002076759121095698,0.0,0.03826296177017839,0.004206315373351394,-0.2250049833998768,0.0,0.0,0.0
1410.0,12.537792545968554,-6.238399417212088,0.0,0.0,-7.639110070508706e-05,0.0,0.0,-6.580029742093679,20.5794109308,0.0,0.0,0.3416303248815904,0.0,-0.00020989926333854096,0.0,0.03826334818339069,0.00420523162223288,-0.22500671511055292,0.0,0.0,0.0
1411.0,12.537787027525306,-6.2384774023667555,0.0,0.0,-7.719257495627935e-05,0.0,0.0,-6.58010653457752,20.5794109308,0.0,0.0,0.3416291322107643,0.0,-0.00021210156157587166,0.0,0.038263738403635124,0.004204138537394195,-0.22500846645442002,0.0,0.0,0.0
1412.0,12.537781094159484,-6.238556123893918,0.0,0.0,-7.798621031278644e-05,0.0,0.0,-6.580184124630623,20.5794109308,0.0,0.0,0.34162800073670496,0.0,-0.00021428232995127124,0.0,0.03826413238992305,0.004203036241332989,-0.2250102372622231,0.0,0.0,0.0
1413.0,12.537774744429278,-6.238635573342115,0.0,0.0,-7.877183340442085e-05,0.0,0.0,-6.580262504327387,20.5794109308,0.0,0.0,0.34162693098527264,0.0,-0.0002164410923069129,0.0,0.03826453010042123,0.00420192485874156,-0.22501202736058915,0.0,0.0,0.0
1414.0,12.53776797695186,-6.238715742093586,0.0,0.0,-7.95492711516337e-05,0.0,0.0,-6.580341665568981,20.5794109308,0.0,0.0,0.34162592347539533,0.0,-0.00021857737327820893,0.0,0.03826493149245364,0.004200804516499415,-0.2250138365720309,0.0,0.0,0.0
1415.0,12.537760790403949,-6.238796621364703,0.0,0.0,-8.031835079512408e-05,0.0,0.0,-6.580421600083652,20.5794109308,0.0,0.0,0.3416249787189498,0.0,-0.00022069069837492704,0.0,0.038265336522503496,0.004199675343665429,-0.22501566471495205,0.0,0.0,0.0
1416.0,12.537753183522364,-6.238878202206428,0.0,0.0,-8.10788999255694e-05,0.0,0.0,-6.580502299427063,20.5794109308,0.0,0.0,0.3416240972206346,0.0,-0.00022278059406263985,0.0,0.03826574514621544,0.004198537471469699,-0.22501751160365266,0.0,0.0,0.0
1417.0,12.537745155104579,-6.238960475504802,0.0,0.0,-8.183074651347355e-05,0.0,0.0,-6.580583754982651,20.5794109308,0.0,0.0,0.3416232794778491,0.0,-0.00022484658784449903,0.0,0.038266157318397845,0.004197391033304798,-0.2250193770483354,0.0,0.0,0.0
1418.0,12.537736704009271,-6.239043431981461,0.0,0.0,-8.257371893912488e-05,0.0,0.0,-6.58066595796203,20.5794109308,0.0,0.0,0.3416225259805694,0.0,-0.00022688820834331253,0.0,0.03826657299302522,0.004196236164716885,-0.22502126085511268,0.0,0.0,0.0
1419.0,12.537727829156848,-6.239127062194183,0.0,0.0,-8.330764602266739e-05,0.0,0.0,-6.58074889940541,20.5794109308,0.0,0.0,0.3416218372112274,0.0,-0.00022890498538393405,0.0,0.03826699212324092,0.004195073003396124,-0.2250231628260139,0.0,0.0,0.0
1420.0,12.537718529529993,-6.239211356537465,0.0,0.0,-8.403235705427239e-05,0.0,0.0,-6.580832570182054,20.5794109308,0.0,0.0,0.3416212136445882,0.0,-0.00023089645007592997,0.0,0.038267414661359786,0.004193901689167057,-0.2250250827589943,0.0,0.0,0.0
1421.0,12.537708804174176,-6.239296305243131,0.0,0.0,-8.474768182441203e-05,0.0,0.0,-6.58091696099076,20.5794109308,0.0,0.0,0.34162065574762934,0.0,-0.00023286213489652805,0.0,0.03826784055887116,0.004192722363978232,-0.22502702044794368,0.0,0.0,0.0
1422.0,12.53769865219818,-6.2393818983809615,0.0,0.0,-8.545345065422895e-05,0.0,0.0,-6.581002062360383,20.5794109308,0.0,0.0,0.34162016397942185,0.0,-0.0002348015737738322,0.0,0.03826826976644185,0.0041915351718916916,-0.22502897568269636,0.0,0.0,0.0
1423.0,12.537688072774607,-6.239468125859367,0.0,0.0,-8.614949442599742e-05,0.0,0.0,-6.581087864650376,20.5794109308,0.0,0.0,0.3416197387910094,0.0,-0.00023671430217029018,0.0,0.03826870223391938,0.004190340259071834,-0.22503094824904143,0.0,0.0,0.0
1424.0,12.537677065140377,-6.23955497742608,0.0,0.0,-8.683564461367137e-05,0.0,0.0,-6.581174358051367,20.5794109308,0.0,0.0,0.3416193806252874,0.0,-0.00023859985716640286,0.0,0.03826913791033535,0.00418913777377404,-0.22503293792873427,0.0,0.0,0.0
1425.0,12.537665628597228,-6.239642442668879,0.0,0.0,-8.751173331351618e-05,0.0,0.0,-6.581261532585767,20.5794109308,0.0,0.0,0.34161908991688783,0.0,-0.0002404577775446656,0.0,0.03826957674390896,0.0041879278663328745,-0.22503494449950814,0.0,0.0,0.0
1426.0,12.537653762512203,-6.239730511016349,0.0,0.0,-8.817759327481566e-05,0.0,0.0,-6.581349378108407,20.5794109308,0.0,0.0,0.34161886709205813,0.0,-0.00024228760387371903,0.0,0.038270018682050606,0.004186710689149817,-0.22503696773508702,0.0,0.0,0.0
1427.0,12.537641466318124,-6.239819171738661,0.0,0.0,-8.88330579306578e-05,0.0,0.0,-6.581437884307207,20.5794109308,0.0,0.0,0.3416187125685459,0.0,-0.00024408887859271876,0.0,0.03827046367136577,0.004185486396680524,-0.22503900740519883,0.0,0.0,0.0
1428.0,12.53762873951407,-6.239908413948394,0.0,0.0,-8.947796142878668e-05,0.0,0.0,-6.581527040703874,20.5794109308,0.0,0.0,0.3416186267554808,0.0,-0.00024586114609589026,0.0,0.038270911657658904,0.0041842551454219085,-0.22504106327558956,0.0,0.0,0.0
1429.0,12.537615581665833,-6.239998226601375,0.0,0.0,-9.011213866251766e-05,0.0,0.0,-6.581616836654635,20.5794109308,0.0,0.0,0.3416186100532599,0.0,-0.00024760395281726025,0.0,0.03827136258593764,0.004183017093898733,-0.22504313510803808,0.0,0.0,0.0
1430.0,12.537601992406382,-6.240088598497561,0.0,0.0,-9.073542530171728e-05,0.0,0.0,-6.581707261350992,20.5794109308,0.0,0.0,0.34161866285343123,0.0,-0.0002493168473155694,0.0,0.038271816400416984,0.004181772402649553,-0.22504522266037152,0.0,0.0,0.0
1431.0,12.5375879714363,-6.240179518281941,0.0,0.0,-9.13476578238376e-05,0.0,0.0,-6.5817983038205226,20.5794109308,0.0,0.0,0.34161878553858127,0.0,-0.0002509993803593384,0.0,0.03827227304452376,0.004180521234212531,-0.22504732568648184,0.0,0.0,0.0
1432.0,12.537573518524235,-6.240270974445475,0.0,0.0,-9.194867354499568e-05,0.0,0.0,-6.581889952927696,20.5794109308,0.0,0.0,0.341618978482221,0.0,-0.000252651105012061,0.0,0.03827273246090119,0.004179263753110951,-0.2250494439363423,0.0,0.0,0.0
1433.0,12.537558633507315,-6.24036295532606,0.0,0.0,-9.253831065110736e-05,0.0,0.0,-6.581982197374731,20.5794109308,0.0,0.0,0.34161924204867056,0.0,-0.00025427157671755097,0.0,0.03827319459141361,0.004178000125837786,-0.22505157715602558,0.0,0.0,0.0
1434.0,12.53754331629158,-6.240455449109528,0.0,0.0,-9.311640822905667e-05,0.0,0.0,-6.582075025702479,20.5794109308,0.0,0.0,0.34161957659295084,0.0,-0.00025586035338539035,0.0,0.03827365937715138,0.004176730520840541,-0.2250537250877221,0.0,0.0,0.0
1435.0,12.537527566852397,-6.240548443830672,0.0,0.0,-9.368280629790509e-05,0.0,0.0,-6.582168426291342,20.5794109308,0.0,0.0,0.3416199824606698,0.0,-0.00025741699547649144,0.0,0.03827412675843588,0.004175455108505213,-0.22505588746975902,0.0,0.0,0.0
1436.0,12.53751138523485,-6.240641927374306,0.0,0.0,-9.423734584013089e-05,0.0,0.0,-6.5822623873622215,20.5794109308,0.0,0.0,0.3416204599879151,0.0,-0.0002589410660887465,0.0,0.03827459667482471,0.004174174061140026,-0.22505806403662043,0.0,0.0,0.0
1437.0,12.537494771554151,-6.240735887476354,0.0,0.0,-9.477986883289506e-05,0.0,0.0,-6.582356896977495,20.5794109308,0.0,0.0,0.34162100950114116,0.0,-0.00026043213104275407,0.0,0.038275069065117046,0.00417288755295861,-0.2250602545189678,0.0,0.0,0.0
1438.0,12.537477725996013,-6.240830311724965,0.0,0.0,-9.531021827933025e-05,0.0,0.0,-6.582451943042027,20.5794109308,0.0,0.0,0.3416216313170626,0.0,-0.0002618897589676142,0.0,0.03827554386735913,0.004171595760063179,-0.22506245864366137,0.0,0.0,0.0
1439.0,12.537460248817034,-6.240925187561666,0.0,0.0,-9.582823823984817e-05,0.0,0.0,-6.582547513304213,20.5794109308,0.0,0.0,0.3416223257425477,0.0,-0.0002633135213867785,0.0,0.038276021018849894,0.004170298860426705,-0.22506467613378223,0.0,0.0,0.0
1440.0,12.537442340345063,-6.241020502282537,0.0,0.0,-9.633377386345571e-05,0.0,0.0,-6.582643595357049,20.5794109308,0.0,0.0,0.3416230930745119,0.0,-0.0002647029928039302,0.0,0.03827650045614678,0.004168997033875271,-0.22506690670865534,0.0,0.0,0.0
1441.0,12.537424000979556,-6.241116243039428,0.0,0.0,-9.682667141907951e-05,0.0,0.0,-6.582740176639238,20.5794109308,0.0,0.0,0.34162393359981014,0.0,-0.0002660577507888918,0.0,0.03827698211507171,0.004167690462069551,-0.22506915008387282,0.0,0.0,0.0
1442.0,12.537405231191924,-6.241212396841189,0.0,0.0,-9.730677832689685e-05,0.0,0.0,-6.582837244436324,20.5794109308,0.0,0.0,0.3416248475951349,0.0,-0.00026737737606355596,0.0,0.03827746593071717,0.0041663793284861805,-0.22507140597131858,0.0,0.0,0.0
1443.0,12.537386031525873,-6.24130895055495,0.0,0.0,-9.777394318965447e-05,0.0,0.0,-6.5829347858818625,20.5794109308,0.0,0.0,0.34162583532691215,0.0,-0.00026866145258778903,0.0,0.038277951837452445,0.004165063818398679,-0.22507367407919326,0.0,0.0,0.0
1444.0,12.537366402597735,-6.241405890907416,0.0,0.0,-9.822801582398963e-05,0.0,0.0,-6.583032787958613,20.5794109308,0.0,0.0,0.34162689705119753,0.0,-0.0002699095676453461,0.0,0.038278439768930125,0.004163744118857823,-0.22507595411203998,0.0,0.0,0.0
1445.0,12.537346345096779,-6.241503204486197,0.0,0.0,-9.86688472917316e-05,0.0,0.0,-6.583131237499774,20.5794109308,0.0,0.0,0.3416280330135777,0.0,-0.00027112131192973875,0.0,0.03827892965809259,0.004162420418671847,-0.2250782457707709,0.0,0.0,0.0
1446.0,12.53732585978553,-6.241600877741172,0.0,0.0,-9.909628993118572e-05,0.0,0.0,-6.5832301211902395,20.5794109308,0.0,0.0,0.3416292434490673,0.0,-0.0002722962796300604,0.0,0.03827942143717874,0.004161092908385913,-0.22508054875269448,0.0,0.0,0.0
1447.0,12.537304947500061,-6.241698896985881,0.0,0.0,-9.95101973883957e-05,0.0,0.0,-6.583329425567894,20.5794109308,0.0,0.0,0.34163052858201315,0.0,-0.0002734340685167589,0.0,0.038279915037730886,0.004159761780261673,-0.2250828627515437,0.0,0.0,0.0
1448.0,12.537283609150283,-6.24179724839894,0.0,0.0,-9.991042464837665e-05,0.0,0.0,-6.583429137024935,20.5794109308,0.0,0.0,0.3416318886259955,0.0,-0.0002745342800273346,0.0,0.03828041039060179,0.004158427228255893,-0.2250851874575046,0.0,0.0,0.0
1449.0,12.537261845720224,-6.2418959180255,0.0,0.0,-0.00010029682806631513,0.0,0.0,-6.583529241809228,20.5794109308,0.0,0.0,0.34163332378372857,0.0,-0.0002755965193519547,0.0,0.0382809074259618,0.004157089447999127,-0.22508752255724584,0.0,0.0,0.0
1450.0,12.537239658268298,-6.241994891778724,0.0,0.0,-0.00010066926539872674,0.0,0.0,-6.58362972602569,20.5794109308,0.0,0.0,0.3416348342469666,0.0,-0.00027662039551895753,0.0,0.038281406073306254,0.004155748636773635,-0.2250898677339489,0.0,0.0,0.0
1451.0,12.537217047927559,-6.242094155441297,0.0,0.0,-0.00010102759583457399,0.0,0.0,-6.583730575637711,20.5794109308,0.0,0.0,0.34163642019641394,0.0,-0.0002776055214802551,0.0,0.038281906261462835,0.004154404993491179,-0.2250922226673393,0.0,0.0,0.0
1452.0,12.537194015905952,-6.242193694666971,0.0,0.0,-0.00010137168002633149,0.0,0.0,-6.583831776468595,20.5794109308,0.0,0.0,0.3416380818016238,0.0,-0.0002785515141965972,0.0,0.03828240791859935,0.004153058718670347,-0.22509458703371793,0.0,0.0,0.0
1453.0,12.537170563486542,-6.242293494982132,0.0,0.0,-0.00010170138012099709,0.0,0.0,-6.583933314203048,20.5794109308,0.0,0.0,0.3416398192209158,0.0,-0.0002794579947226951,0.0,0.0382829109722314,0.004151710014413321,-0.22509696050599373,0.0,0.0,0.0
1454.0,12.537146692027752,-6.2423935417874015,0.0,0.0,-0.00010201655979104203,0.0,0.0,-6.584035174388679,20.5794109308,0.0,0.0,0.3416416326012772,0.0,-0.00028032458829218415,0.0,0.03828341534923038,0.004150359084382618,-0.22509934275371696,0.0,0.0,0.0
1455.0,12.537122402963561,-6.242493820359268,0.0,0.0,-0.00010231708426529525,0.0,0.0,-6.584137342437547,20.5794109308,0.0,0.0,0.34164352207827875,0.0,-0.0002811509244024142,0.0,0.038283920975831554,0.004149006133776986,-0.22510173344311293,0.0,0.0,0.0
1456.0,12.53709769780372,-6.242594315851745,0.0,0.0,-0.00010260282035975959,0.0,0.0,-6.584239803627732,20.5794109308,0.0,0.0,0.34164548777598647,0.0,-0.0002819366368990592,0.0,0.03828442777764223,0.004147651369307281,-0.22510413223711664,0.0,0.0,0.0
1457.0,12.537072578133937,-6.242695013298061,0.0,0.0,-0.00010287363650834785,0.0,0.0,-6.584342543104933,20.5794109308,0.0,0.0,0.3416475298068722,0.0,-0.00028268136406051536,0.0,0.03828493567965021,0.004146294999171768,-0.22510653879540843,0.0,0.0,0.0
1458.0,12.537047045616061,-6.242795897612376,0.0,0.0,-0.00010312940279353791,0.0,0.0,-6.584445545884108,20.5794109308,0.0,0.0,0.3416496482717326,0.0,-0.00028338474868208483,0.0,0.03828544460623232,0.004144937233031193,-0.22510895277444978,0.0,0.0,0.0
1459.0,12.537021101988254,-6.24289695359153,0.0,0.0,-0.00010336999097694129,0.0,0.0,-6.584548796851133,20.5794109308,0.0,0.0,0.3416518432596032,0.0,-0.0002840464381599287,0.0,0.03828595448116307,0.004143578281983196,-0.2251113738275204,0.0,0.0,0.0
1460.0,12.53699474906514,-6.2429981659168226,0.0,0.0,-0.0001035952745297779,0.0,0.0,-6.584652280764499,20.5794109308,0.0,0.0,0.3416541148476764,0.0,-0.0002846660845747719,0.0,0.03828646522762344,0.004142218358536648,-0.22511380160475558,0.0,0.0,0.0
1461.0,12.536967988737963,-6.2430995191558125,0.0,0.0,-0.00010380512866325349,0.0,0.0,-6.584755982257033,20.5794109308,0.0,0.0,0.3416564631012209,0.0,-0.00028524334477534794,0.0,0.03828697676820995,0.004140857676585508,-0.2251162357531848,0.0,0.0,0.0
1462.0,12.536940822974714,-6.243200997764157,0.0,0.0,-0.00010399943035883175,0.0,0.0,-6.584859885837659,20.5794109308,0.0,0.0,0.34165888807350164,0.0,-0.00028577788046156273,0.0,0.038287489024943694,0.004139496451382202,-0.22511867591677032,0.0,0.0,0.0
1463.0,12.53691325382026,-6.2433025860874745,0.0,0.0,-0.00010417805839839944,0.0,0.0,-6.584963975893178,20.5794109308,0.0,0.0,0.3416613898057035,0.0,-0.000286269358267374,0.0,0.038288001919279675,0.004138134899510648,-0.22512112173644744,0.0,0.0,0.0
1464.0,12.536885283396447,-6.243404268363232,0.0,0.0,-0.00010434089339431294,0.0,0.0,-6.585068236690087,20.5794109308,0.0,0.0,0.34166396832685475,0.0,-0.00028671744984335216,0.0,0.03828851537211615,0.004136773238859193,-0.22512357285016443,0.0,0.0,0.0
1465.0,12.536856913902215,-6.243506028722671,0.0,0.0,-0.00010448781781932706,0.0,0.0,-6.585172652376422,20.5794109308,0.0,0.0,0.3416666236537509,0.0,-0.0002871218319389279,0.0,0.03828902930380426,0.004135411688592688,-0.22512602889292418,0.0,0.0,0.0
1466.0,12.536828147613669,-6.243607851192754,0.0,0.0,-0.00010461871603639887,0.0,0.0,-6.585277206983635,20.5794109308,0.0,0.0,0.34166935579088076,0.0,-0.0002874821864843038,0.0,0.03828954363415769,0.004134050469124628,-0.22512848949682576,0.0,0.0,0.0
1467.0,12.536798986884166,-6.24370971969814,0.0,0.0,-0.00010473347432835607,0.0,0.0,-6.585381884428498,20.5794109308,0.0,0.0,0.3416721647303582,0.0,-0.0002877982006720041,0.0,0.0382900582824625,0.004132689802088724,-0.2251309542911072,0.0,0.0,0.0
1468.0,12.536769434144377,-6.24381161806319,0.0,0.0,-0.00010483198092743199,0.0,0.0,-6.585486668515039,20.5794109308,0.0,0.0,0.3416750504518493,0.0,-0.00028806956703806614,0.0,0.03829057316748715,0.00413132991031008,-0.2251334229021887,0.0,0.0,0.0
1469.0,12.536739491902331,-6.243913530014,0.0,0.0,-0.0001049141260446539,0.0,0.0,-6.585591542936504,20.5794109308,0.0,0.0,0.3416780129225039,0.0,-0.0002882959835428384,0.0,0.0382910882074926,0.004129971017776207,-0.2251358949537169,0.0,0.0,0.0
1470.0,12.536709162743469,-6.24401543918046,0.0,0.0,-0.00010497980189908602,0.0,0.0,-6.585696491277352,20.5794109308,0.0,0.0,0.3416810520968916,0.0,-0.00028847715365138814,0.0,0.03829160332024263,0.004128613349607443,-0.22513837006660903,0.0,0.0,0.0
1471.0,12.536678449330655,-6.244117329098346,0.0,0.0,-0.00010502890274691792,0.0,0.0,-6.585801497015277,20.5794109308,0.0,0.0,0.3416841679169309,0.0,-0.0002886127864134941,0.0,0.03829211842301416,0.0041272571320271345,-0.22514084785909913,0.0,0.0,0.0
1472.0,12.536647354404202,-6.244219183211428,0.0,0.0,-0.00010506132491039213,0.0,0.0,-6.585906543523261,20.5794109308,0.0,0.0,0.3416873603118322,0.0,-0.00028870259654320616,0.0,0.03829263343260787,0.0041259025923315595,-0.22514332794678354,0.0,0.0,0.0
1473.0,12.536615880781873,-6.24432098487362,0.0,0.0,-0.0001050769668065669,0.0,0.0,-6.586011614071651,20.5794109308,0.0,0.0,0.3416906291980313,0.0,-0.0002887463044979621,0.0,0.0382931482653589,0.004124549958859261,-0.22514580994266803,0.0,0.0,0.0
1474.0,12.536584031358863,-6.244422717351143,0.0,0.0,-0.00010507572897590798,0.0,0.0,-6.5861166918302745,20.5794109308,0.0,0.0,0.3416939744791314,0.0,-0.0002887436365572438,0.0,0.0382936628371476,0.004123199460960264,-0.22514829345721507,0.0,0.0,0.0
1475.0,12.536551809107786,-6.244524363824723,0.0,0.0,-0.00010505751411070344,0.0,0.0,-6.5862217598705675,20.5794109308,0.0,0.0,0.34169739604584404,0.0,-0.0002886943249007568,0.0,0.03829417706341056,0.004121851328964837,-0.2251507780983923,0.0,0.0,0.0
1476.0,12.53651921707863,-6.244625907391818,0.0,0.0,-0.00010502222708329754,0.0,0.0,-6.5863268011677505,20.5794109308,0.0,0.0,0.3417008937759327,0.0,-0.0002885981076861223,0.0,0.03829469085915168,0.004120505794151949,-0.2251532634717212,0.0,0.0,0.0
1477.0,12.536486258398718,-6.244727331068859,0.0,0.0,-0.00010496977497413289,0.0,0.0,-6.586431798603016,20.5794109308,0.0,0.0,0.3417044675341572,0.0,-0.00028845472912605223,0.0,0.03829520413895338,0.00411916308871732,-0.22515574918032674,0.0,0.0,0.0
1478.0,12.536452936272637,-6.24482861779353,0.0,0.0,-0.00010490006709960391,0.0,0.0,-6.586536734965752,20.5794109308,0.0,0.0,0.3417081171722218,0.0,-0.0002882639395650154,0.0,0.03829571681698804,0.004117823445741242,-0.2251582348249876,0.0,0.0,0.0
1479.0,12.536419253982174,-6.2449297504270715,0.0,0.0,-0.00010481301503970714,0.0,0.0,-6.586641592955794,20.5794109308,0.0,0.0,0.34171184252872244,0.0,-0.00028802549555535513,0.0,0.03829622880702939,0.004116487099156102,-0.22516072000418702,0.0,0.0,0.0
1480.0,12.536385214886222,-6.245030711756601,0.0,0.0,-0.00010470853266548915,0.0,0.0,-6.5867463551857,20.5794109308,0.0,0.0,0.3417156434290991,0.0,-0.0002877391599328611,0.0,0.038296740022464214,0.004115154283713271,-0.22516320431416426,0.0,0.0,0.0
1481.0,12.536350822420681,-6.2451314844974695,0.0,0.0,-0.0001045865361662806,0.0,0.0,-6.586851004183057,20.5794109308,0.0,0.0,0.34171951968558734,0.0,-0.00028740470189176243,0.0,0.03829725037630408,0.004113825234950116,-0.2251656873489672,0.0,0.0,0.0
1482.0,12.536316080098349,-6.245232051295638,0.0,0.0,-0.00010444694407671669,0.0,0.0,-6.58695552239281,20.5794109308,0.0,0.0,0.34172347109717194,0.0,-0.00028702189705914484,0.0,0.03829775978119725,0.004112500189156376,-0.2251681687005048,0.0,0.0,0.0
1483.0,12.53628099150879,-6.24533239473008,0.0,0.0,-0.00010428967730353368,0.0,0.0,-6.587059892179623,20.5794109308,0.0,0.0,0.34172749744954256,0.0,-0.0002865905275687611,0.0,0.03829826814944067,0.004111179383340324,-0.22517064795860087,0.0,0.0,0.0
1484.0,12.536245560318196,-6.24543249731521,0.0,0.0,-0.00010411465915214077,0.0,0.0,-6.587164095830264,20.5794109308,0.0,0.0,0.34173159851505375,0.0,-0.0002861103821342353,0.0,0.03829877539299212,0.00410986305519459,-0.22517312471104817,0.0,0.0,0.0
1485.0,12.536209790269243,-6.245532341503334,0.0,0.0,-0.00010392181535295225,0.0,0.0,-6.587268115556017,20.5794109308,0.0,0.0,0.3417357740526832,0.0,-0.00028558125612161716,0.0,0.03829928142348246,0.004108551443061756,-0.2251755985436633,0.0,0.0,0.0
1486.0,12.536173685180913,-6.245631909687125,0.0,0.0,-0.00010371107408748984,0.0,0.0,-6.58737193349512,20.5794109308,0.0,0.0,0.3417400238079953,0.0,-0.00028500295162131557,0.0,0.03829978615222808,0.004107244785899494,-0.22517806904034213,0.0,0.0,0.0
1487.0,12.53613724894832,-6.245731184202126,0.0,0.0,-0.00010348236601423,0.0,0.0,-6.587475531715229,20.5794109308,0.0,0.0,0.341744347513103,0.0,-0.0002843752775193408,0.0,0.03830028949024333,0.004105943323245653,-0.22518053578311575,0.0,0.0,0.0
1488.0,12.53610048554252,-6.245830147329271,0.0,0.0,-0.00010323562429420917,0.0,0.0,-6.587578892215905,20.5794109308,0.0,0.0,0.3417487448866341,0.0,-0.00028369804956789117,0.0,0.038300791348253274,0.004104647295182576,-0.22518299835220754,0.0,0.0,0.0
1489.0,12.536063399010299,-6.245928781297436,0.0,0.0,-0.00010297078461636645,0.0,0.0,-6.587681996931136,20.5794109308,0.0,0.0,0.3417532156337,0.0,-0.0002829710904552287,0.0,0.038301291636706286,0.004103356942301836,-0.22518545632609016,0.0,0.0,0.0
1490.0,12.536025993473963,-6.246027068286005,0.0,0.0,-0.00010268778522263128,0.0,0.0,-6.587784827731871,20.5794109308,0.0,0.0,0.3417577594458656,0.0,-0.0002821942298748629,0.0,0.038301790265787054,0.004102072505667909,-0.2251879092815437,0.0,0.0,0.0
1491.0,12.535988273131094,-6.246124990427468,0.0,0.0,-0.000102386566932737,0.0,0.0,-6.587887366428587,20.5794109308,0.0,0.0,0.34176237600111925,0.0,-0.0002813673045939921,0.0,0.03830228714542955,0.004100794226782181,-0.22519035679371419,0.0,0.0,0.0
1492.0,12.535950242254314,-6.2462225298100345,0.0,0.0,-0.00010206707316876527,0.0,0.0,-6.587989594773883,20.5794109308,0.0,0.0,0.34176706496384845,0.0,-0.00028049015852121405,0.0,0.03830278218533005,0.004099522347546375,-0.22519279843617274,0.0,0.0,0.0
1493.0,12.535911905191018,-6.2463196684802735,0.0,0.0,-0.00010172924997941271,0.0,0.0,-6.588091494465087,20.5794109308,0.0,0.0,0.3417718259848135,0.0,-0.0002795626427734829,0.0,0.0383032752949605,0.004098257110225614,-0.22519523378097545,0.0,0.0,0.0
1494.0,12.535873266363101,-6.246416388445774,0.0,0.0,-0.00010137304606397066,0.0,0.0,-6.588193047146903,20.5794109308,0.0,0.0,0.3417766587011286,0.0,-0.0002785846157422884,0.0,0.038303766383581725,0.004096998757411555,-0.22519766239872352,0.0,0.0,0.0
1495.0,12.535834330266677,-6.246512671677827,0.0,0.0,-0.00010099841279601499,0.0,0.0,-6.588294234414067,20.5794109308,0.0,0.0,0.34178156273623994,0.0,-0.0002775559431590461,0.0,0.03830425536025693,0.004095747531984856,-0.22520008385862453,0.0,0.0,0.0
1496.0,12.535795101471772,-6.246608500114129,0.0,0.0,-0.00010060530424680428,0.0,0.0,-6.5883950378140375,20.5794109308,0.0,0.0,0.3417865376999085,0.0,-0.0002764764981596977,0.0,0.03830474213386527,0.0040945036770777266,-0.22520249772855366,0.0,0.0,0.0
1497.0,12.53575558462201,-6.246703855661509,0.0,0.0,-0.00010019367720837139,0.0,0.0,-6.588495438849701,20.5794109308,0.0,0.0,0.3417915831881917,0.0,-0.0002753461613484763,0.0,0.03830522661311549,0.004093267436035927,-0.22520490357511597,0.0,0.0,0.0
1498.0,12.535715784434286,-6.2467987201986706,0.0,0.0,-9.976349121631461e-05,0.0,0.0,-6.588595418982106,20.5794109308,0.0,0.0,0.3417966987834351,0.0,-0.00027416482086085664,0.0,0.038305708706559666,0.004092039052380814,-0.22520730096370906,0.0,0.0,0.0
1499.0,12.535675705698427,-6.246893075578964,0.0,0.0,-9.931470857227204e-05,0.0,0.0,-6.5886949596332185,20.5794109308,0.0,0.0,0.34180188405425493,0.0,-0.0002729323724256433,0.0,0.038306188322607175,0.0040908187697708265,-0.22520968945858605,0.0,0.0,0.0
1500.0,12.535635353276831,-6.246986903633165,0.0,0.0,-9.884729436608126e-05,0.0,0.0,-6.588794042188699,20.5794109308,0.0,0.0,0.34180713855553346,0.0,-0.0002716487194262038,0.0,0.038306665369538626,0.004089606831962897,-0.22521206862291981,0.0,0.0,0.0
1501.0,12.5355947321041,-6.24708018617229,0.0,0.0,-9.836121649761324e-05,0.0,0.0,-6.588892648000699,20.5794109308,0.0,0.0,0.3418124618284084,0.0,-0.00027031377296081504,0.0,0.03830713975551988,0.004088403482773728,-0.22521443801886684,0.0,0.0,0.0
1502.0,12.535553847186657,-6.247172904990414,0.0,0.0,-9.785644569828192e-05,0.0,0.0,-6.588990758390685,20.5794109308,0.0,0.0,0.34181785340027115,0.0,-0.00026892745190212696,0.0,0.03830761138861635,0.004087208966040423,-0.22521679720763232,0.0,0.0,0.0
1503.0,12.535512703602349,-6.24726504186752,0.0,0.0,-9.733295555221519e-05,0.0,0.0,-6.589088354652281,20.5794109308,0.0,0.0,0.3418233127847614,0.0,-0.0002674896829557057,0.0,0.03830808017680719,0.004086023525581545,-0.22521914574953564,0.0,0.0,0.0
1504.0,12.535471306500034,-6.2473565785723615,0.0,0.0,-9.679072251708865e-05,0.0,0.0,-6.589185418054128,20.5794109308,0.0,0.0,0.34182883948176634,0.0,-0.0002660004007176573,0.0,0.038308546027999726,0.004084847405157202,-0.22522148320407595,0.0,0.0,0.0
1505.0,12.535429661099158,-6.247447496865345,0.0,0.0,-9.622972594461599e-05,0.0,0.0,-6.5892819298427705,20.5794109308,0.0,0.0,0.3418344329774259,0.0,-0.0002644595477313171,0.0,0.03830900885004392,0.004083680848429569,-0.2252238091299989,0.0,0.0,0.0
1506.0,12.535387772689317,-6.247537778501429,0.0,0.0,-9.564994810068541e-05,0.0,0.0,-6.589377871245561,20.5794109308,0.0,0.0,0.34184009274413185,0.0,-0.0002628670745429744,0.0,0.03830946855074692,0.004082524098922791,-0.22522612308536347,0.0,0.0,0.0
1507.0,12.535345646629803,-6.247627405233044,0.0,0.0,-9.505137418514651e-05,0.0,0.0,-6.589473223473582,20.5794109308,0.0,0.0,0.3418458182405377,0.0,-0.00026122293975664487,0.0,0.038309925037887736,0.004081377399982766,-0.2252284246276094,0.0,0.0,0.0
1508.0,12.535303288349137,-6.247716358813028,0.0,0.0,-9.443399235122812e-05,0.0,0.0,-6.589567967724592,20.5794109308,0.0,0.0,0.34185160891156396,0.0,-0.0002595271100878368,0.0,0.038310378219231965,0.004080240994736736,-0.22523071331362504,0.0,0.0,0.0
1509.0,12.535260703344589,-6.247804620997575,0.0,0.0,-9.37977937245977e-05,0.0,0.0,-6.589662085185987,20.5794109308,0.0,0.0,0.34185746418841223,0.0,-0.00025777956041634015,0.0,0.038310828002546676,0.0040791151260527875,-0.2252329886998159,0.0,0.0,0.0
1510.0,12.535217897181687,-6.247892173549208,0.0,0.0,-9.314277242204315e-05,0.0,0.0,-6.589755557037782,20.5794109308,0.0,0.0,0.34186338348857426,0.0,-0.00025598027383798565,0.0,0.038311274295615275,0.004078000036499066,-0.22523525034217345,0.0,0.0,0.0
1511.0,12.535174875493702,-6.247978998239763,0.0,0.0,-9.246892556978379e-05,0.0,0.0,-6.589848364455614,20.5794109308,0.0,0.0,0.3418693662158514,0.0,-0.00025412924171539235,0.0,0.03831171700625254,0.004076895968302685,-0.22523749779634453,0.0,0.0,0.0
1512.0,12.535131643981135,-6.248065076853388,0.0,0.0,-9.177625332139335e-05,0.0,0.0,-6.589940488613756,20.5794109308,0.0,0.0,0.34187541176036795,0.0,-0.00025222646372765603,0.0,0.03831215604231972,0.004075803163308675,-0.22523973061770097,0.0,0.0,0.0
1513.0,12.535088208411175,-6.248150391189563,0.0,0.0,-9.106475887533998e-05,0.0,0.0,-6.590031910688157,20.5794109308,0.0,0.0,0.34188151949859336,0.0,-0.0002502719479189928,0.0,0.03831259131173966,0.004074721862938585,-0.2252419483614101,0.0,0.0,0.0
1514.0,12.535044574617151,-6.2482349230661285,0.0,0.0,-9.033444849213414e-05,0.0,0.0,-6.590122611859493,20.5794109308,0.0,0.0,0.3418876887933644,0.0,-0.0002482657107463114,0.0,0.0383130227225121,0.004073652308149045,-0.22524415058250535,0.0,0.0,0.0
1515.0,12.53500074849797,-6.248318654322331,0.0,0.0,-8.958533151107548e-05,0.0,0.0,-6.59021257331624,20.5794109308,0.0,0.0,0.3418939189939092,0.0,-0.00024620777712569043,0.0,0.038313450182728956,0.004072594739390034,-0.22524633683595724,0.0,0.0,0.0
1516.0,12.534956736017534,-6.248401566821886,0.0,0.0,-8.881742036660108e-05,0.0,0.0,-6.590301776257759,20.5794109308,0.0,0.0,0.34190020943587296,0.0,-0.00024409818047776684,0.0,0.03831387360058975,0.0040715493965630956,-0.2252485066767452,0.0,0.0,0.0
1517.0,12.53491254320416,-6.248483642456049,0.0,0.0,-8.803073060422365e-05,0.0,0.0,-6.5903902018973985,20.5794109308,0.0,0.0,0.34190655944134996,0.0,-0.00024193696277200356,0.0,0.038314292884417026,0.0040705165189792725,-0.22525065965992927,0.0,0.0,0.0
1518.0,12.534868176149962,-6.248564863146704,0.0,0.0,-8.722528089605874e-05,0.0,0.0,-6.590477831465616,20.5794109308,0.0,0.0,0.34191296831891194,0.0,-0.0002397241745698335,0.0,0.03831470794267193,0.004069496345317156,-0.2252527953407227,0.0,0.0,0.0
1519.0,12.534823641010242,-6.248645210849467,0.0,0.0,-8.640109305593324e-05,0.0,0.0,-6.590564646213111,20.5794109308,0.0,0.0,0.34191943536364455,0.0,-0.00023745987506665938,0.0,0.03831511868396983,0.00406848911358039,-0.22525491327456457,0.0,0.0,0.0
1520.0,12.534778944002856,-6.2487246675567905,0.0,0.0,-8.555819205407234e-05,0.0,0.0,-6.5906506274139725,20.5794109308,0.0,0.0,0.341925959857182,0.0,-0.00023514413213269992,0.0,0.038315525017095925,0.0040674950610554705,-0.22525701301719292,0.0,0.0,0.0
1521.0,12.534734091407563,-6.248803215301098,0.0,0.0,-8.469660603135894e-05,0.0,0.0,-6.590735756368844,20.5794109308,0.0,0.0,0.3419325410677452,0.0,-0.00023277702235266704,0.0,0.038315926851021025,0.0040665144242689605,-0.22525909412471845,0.0,0.0,0.0
1522.0,12.534689089565369,-6.248880836157915,0.0,0.0,-8.381636631316108e-05,0.0,0.0,-6.590820014408101,20.5794109308,0.0,0.0,0.34193917825018616,0.0,-0.00023035863106426042,0.0,0.03831632409491734,0.004065547438945077,-0.22526115615369818,0.0,0.0,0.0
1523.0,12.534643944877855,-6.248957512249017,0.0,0.0,-8.291750742272183e-05,0.0,0.0,-6.590903382895044,20.5794109308,0.0,0.0,0.34194587064602633,0.0,-0.00022788905239546497,0.0,0.038316716658174335,0.004064594339962785,-0.22526319866121003,0.0,0.0,0.0
1524.0,12.534598663806486,-6.249033225745591,0.0,0.0,-8.200006709410623e-05,0.0,0.0,-6.590985843229098,20.5794109308,0.0,0.0,0.341952617483507,0.0,-0.000225368389300635,0.0,0.03831710445041463,0.004063655361312951,-0.22526522120492692,0.0,0.0,0.0
1525.0,12.534553252871914,-6.2491079588714005,0.0,0.0,-8.106408628470552e-05,0.0,0.0,-6.591067376849035,20.5794109308,0.0,0.0,0.34195941797763485,0.0,-0.00022279675359536665,0.0,0.038317487381509925,0.004062730736055273,-0.2252672233431922,0.0,0.0,0.0
1526.0,12.53450771865326,-6.249181693905967,0.0,0.0,-8.010960918728692e-05,0.0,0.0,-6.5911479652362015,20.5794109308,0.0,0.0,0.34196627133023494,0.0,-0.00022017426599012477,0.0,0.03831786536159715,0.004061820696275267,-0.22526920463509476,0.0,0.0,0.0
1527.0,12.534462067787386,-6.249254413187756,0.0,0.0,-7.91366832415878e-05,0.0,0.0,-6.591227589917757,20.5794109308,0.0,0.0,0.3419731767300016,0.0,-0.00021750105612262192,0.0,0.038318238301094355,0.0040609254730410715,-0.2252711646405443,0.0,0.0,0.0
1528.0,12.534416306968161,-6.249326099117376,0.0,0.0,-7.81453591454503e-05,0.0,0.0,-6.591306232469932,20.5794109308,0.0,0.0,0.34198013335255606,0.0,-0.00021477726258893766,0.0,0.038318606110716955,0.0040600452963601985,-0.22527310292034775,0.0,0.0,0.0
1529.0,12.534370442945699,-6.249396734160784,0.0,0.0,-7.71356908654918e-05,0.0,0.0,-6.591383874521284,20.5794109308,0.0,0.0,0.3419871403605006,0.0,-0.0002120030329733653,0.0,0.03831896870149385,0.0040591803951360445,-0.225275019036285,0.0,0.0,0.0
1530.0,12.534324482525589,-6.249466300852497,0.0,0.0,-7.61077356473046e-05,0.0,0.0,-6.59146049775598,20.5794109308,0.0,0.0,0.3419941969034834,0.0,-0.000209178523876968,0.0,0.03831932598478361,0.004058330997124701,-0.22527691255118554,0.0,0.0,0.0
1531.0,12.534278432568122,-6.249534781798814,0.0,0.0,-7.506155402518184e-05,0.0,0.0,-6.591536083917074,20.5794109308,0.0,0.0,0.34200130211825996,0.0,-0.00020630390094483492,0.0,0.03831967787229072,0.004057497328891269,-0.22527878302900523,0.0,0.0,0.0
1532.0,12.53423229998749,-6.249602159681046,0.0,0.0,-7.399720983136632e-05,0.0,0.0,-6.591610614809803,20.5794109308,0.0,0.0,0.34200845512875766,0.0,-0.00020337933889202884,0.0,0.0383200242760819,0.004056679615766376,-0.22528063003490315,0.0,0.0,0.0
1533.0,12.53418609175098,-6.2496684172587464,0.0,0.0,-7.291477020481555e-05,0.0,0.0,-6.591684072304889,20.5794109308,0.0,0.0,0.3420156550461426,0.0,-0.00020040502152820605,0.0,0.038320365108602386,0.004055878081802647,-0.22528245313531906,0.0,0.0,0.0
1534.0,12.53413981487815,-6.249733537372957,0.0,0.0,-7.181430559948158e-05,0.0,0.0,-6.591756438341849,20.5794109308,0.0,0.0,0.34202290096889243,0.0,-0.00019738114178090424,0.0,0.038320700282692265,0.004055092949730998,-0.22528425189805074,0.0,0.0,0.0
1535.0,12.534093476440002,-6.249797502949449,0.0,0.0,-7.069588979209696e-05,0.0,0.0,-6.5918276949323165,20.5794109308,0.0,0.0,0.3420301919828672,0.0,-0.00019430790171747435,0.0,0.03832102971160291,0.00405432444091694,-0.22528602589233168,0.0,0.0,0.0
1536.0,12.534047083558125,-6.249860297001979,0.0,0.0,-6.955959988946969e-05,0.0,0.0,-6.591897824163365,20.5794109308,0.0,0.0,0.34203752716138514,0.0,-0.00019118551256566438,0.0,0.038321353309013345,0.004053572775316899,-0.22528777468890926,0.0,0.0,0.0
1537.0,12.534000643403841,-6.249921902635542,0.0,0.0,-6.840551633527564e-05,0.0,0.0,-6.591966808200842,20.5794109308,0.0,0.0,0.34204490556529965,0.0,-0.00018801419473282198,0.0,0.03832167098904667,0.004052838171434467,-0.22528949786012256,0.0,0.0,0.0
1538.0,12.53395416319733,-6.24998230304963,0.0,0.0,-6.723372291634607e-05,0.0,0.0,-6.59203462929271,20.5794109308,0.0,0.0,0.34205232624308035,0.0,-0.00018479417782371038,0.0,0.03832198266628658,0.004052120846276722,-0.22529119497998085,0.0,0.0,0.0
1539.0,12.533907650206746,-6.250041481541501,0.0,0.0,-6.604430676845415e-05,0.0,0.0,-6.592101269772394,20.5794109308,0.0,0.0,0.3420597882308929,0.0,-0.00018152570065694683,0.0,0.03832228825579376,0.004051421015310308,-0.22529286562424222,0.0,0.0,0.0
1540.0,12.533861111747314,-6.250099421509442,0.0,0.0,-6.483735838158419e-05,0.0,0.0,-6.59216671206213,20.5794109308,0.0,0.0,0.3420672905526878,0.0,-0.0001782090112800196,0.0,0.038322587673122466,0.004050738892417818,-0.22529450937049225,0.0,0.0,0.0
1541.0,12.533814555180419,-6.250156106456037,0.0,0.0,-6.361297160468828e-05,0.0,0.0,-6.592230938676323,20.5794109308,0.0,0.0,0.3420748322202858,0.0,-0.00017484436698289466,0.0,0.03832288083433696,0.004050074689853911,-0.22529612579822264,0.0,0.0,0.0
1542.0,12.533767987912684,-6.250211519991442,0.0,0.0,-6.237124364992493e-05,0.0,0.0,-6.5922939322249094,20.5794109308,0.0,0.0,0.34208241223346736,0.0,-0.00017143203431019843,0.0,0.03832316765602806,0.004049428618201692,-0.22529771448891045,0.0,0.0,0.0
1543.0,12.533721417395034,-6.250265645836654,0.0,0.0,-6.111227509637134e-05,0.0,0.0,-6.592355675416719,20.5794109308,0.0,0.0,0.3420900295800653,0.0,-0.00016797228907195185,0.0,0.03832344805532975,0.004048800886328821,-0.2252992750260972,0.0,0.0,0.0
1544.0,12.533674851121743,-6.250318467826787,0.0,0.0,-5.983616989321473e-05,0.0,0.0,-6.5924161510628485,20.5794109308,0.0,0.0,0.3420976832360614,0.0,-0.00016446541635287113,0.0,0.03832372194993557,0.0040481917013439755,-0.22530080699546812,0.0,0.0,0.0
1545.0,12.533628296629473,-6.250369969914347,0.0,0.0,-5.854303536240872e-05,0.0,0.0,-6.592475342080026,20.5794109308,0.0,0.0,0.3421053721656788,0.0,-0.0001609117105201961,0.0,0.038323989258115324,0.004047601268552983,-0.22530230998493148,0.0,0.0,0.0
1546.0,12.533581761496304,-6.250420136172504,0.0,0.0,-5.7232982200798637e-05,0.0,0.0,-6.592533231493992,20.5794109308,0.0,0.0,0.3421130953214888,0.0,-0.00015731147523005644,0.0,0.03832424989873148,0.004047029791415344,-0.22530378358469813,0.0,0.0,0.0
1547.0,12.533535253340741,-6.250468950798364,0.0,0.0,-5.59061244817117e-05,0.0,0.0,-6.5925898024428715,20.5794109308,0.0,0.0,0.34212085164450734,0.0,-0.00015366502343236424,0.0,0.03832450379125588,0.004046477471500581,-0.22530522738736103,0.0,0.0,0.0
1548.0,12.53348877982072,-6.2505163981162495,0.0,0.0,-5.45625796560025e-05,0.0,0.0,-6.5926450381805495,20.5794109308,0.0,0.0,0.3421286400643,0.0,-0.0001499726773742062,0.0,0.03832475085578614,0.004045944508444657,-0.22530664098797504,0.0,0.0,0.0
1549.0,12.533442348632597,-6.25056246258096,0.0,0.0,-5.320246855255754e-05,0.0,0.0,-6.592698922080054,20.5794109308,0.0,0.0,0.3421364594990939,0.0,-0.00014623476860174564,0.0,0.03832499101306227,0.004045431099906613,-0.2253080239841363,0.0,0.0,0.0
1550.0,12.533395967510128,-6.250607128781046,0.0,0.0,-5.182591537825468e-05,0.0,0.0,-6.592751437636927,20.5794109308,0.0,0.0,0.34214430885588154,0.0,-0.0001424516379606221,0.0,0.038325224184483184,0.0040449374415250094,-0.2253093759760625,0.0,0.0,0.0
1551.0,12.533349644223426,-6.250650381442075,0.0,0.0,-5.0433047717367096e-05,0.0,0.0,-6.592802568472611,20.5794109308,0.0,0.0,0.3421521870305364,0.0,-0.00013862363559482012,0.0,0.038325450292123246,0.004044463726874767,-0.2253106965666719,0.0,0.0,0.0
1552.0,12.533303386577927,-6.250692205429893,0.0,0.0,-4.9023996530419796e-05,0.0,0.0,-6.592852298337816,20.5794109308,0.0,0.0,0.3421600929079238,0.0,-0.00013475112094402835,0.0,0.03832566925874872,0.004044010147423782,-0.2253119853616641,0.0,0.0,0.0
1553.0,12.533257202413322,-6.250732585753881,0.0,0.0,-4.759889615248629e-05,0.0,0.0,-6.592900611115904,20.5794109308,0.0,0.0,0.34216802536202273,0.0,-0.00013083446273945507,0.0,0.038325881007834336,0.0040435768924899085,-0.22531324196959912,0.0,0.0,0.0
1554.0,12.533211099602495,-6.2507715075702155,0.0,0.0,-4.615788429092668e-05,0.0,0.0,-6.592947490826256,20.5794109308,0.0,0.0,0.34217598325604026,0.0,-0.000126874038998103,0.0,0.0383260854635797,0.004043164149197753,-0.2253144660019776,0.0,0.0,0.0
1555.0,12.533165086050436,-6.250808956185109,0.0,0.0,-4.4701102022564914e-05,0.0,0.0,-6.592992921627646,20.5794109308,0.0,0.0,0.34218396544253693,0.0,-0.0001228702370154964,0.0,0.038326282550925767,0.004042772102435879,-0.22531565707332046,0.0,0.0,0.0
1556.0,12.533119169693157,-6.25084491705806,0.0,0.0,-4.322869379029851e-05,0.0,0.0,-6.593036887821609,20.5794109308,0.0,0.0,0.34219197076354924,0.0,-0.00011882345335684253,0.0,0.03832647219557126,0.004042400934813881,-0.22531681480124882,0.0,0.0,0.0
1557.0,12.533073358496578,-6.250879375805089,0.0,0.0,-4.1740807399144806e-05,0.0,0.0,-6.593079373855803,20.5794109308,0.0,0.0,0.342199998050714,0.0,-0.00011473409384663751,0.0,0.03832665432398907,0.004042050826619681,-0.2253179388065637,0.0,0.0,0.0
1558.0,12.533027660455424,-6.250912318201968,0.0,0.0,-4.023759401171155e-05,0.0,0.0,-6.593120364327371,20.5794109308,0.0,0.0,0.34220804612540245,0.0,-0.00011060257355668295,0.0,0.03832682886344264,0.004041721955777039,-0.22531902871332554,0.0,0.0,0.0
1559.0,12.532982083592094,-6.250943730187449,0.0,0.0,-3.871920814309914e-05,0.0,0.0,-6.593159843986295,20.5794109308,0.0,0.0,0.3422161137988464,0.0,-0.00010642931679253316,0.0,0.03832699574200221,0.004041414497802973,-0.22532008414893423,0.0,0.0,0.0
1560.0,12.532936635955522,-6.250973597866472,0.0,0.0,-3.718580765522415e-05,0.0,0.0,-6.593197797738747,20.5794109308,0.0,0.0,0.34222419987227504,0.0,-0.00010221475707834403,0.0,0.03832715488856125,0.004041128625765611,-0.22532110474420833,0.0,0.0,0.0
1561.0,12.532891325620039,-6.251001907513381,0.0,0.0,-3.563755375056868e-05,0.0,0.0,-6.59323421065043,20.5794109308,0.0,0.0,0.3422323031370489,0.0,-9.795933714013534e-05,0.0,0.038327306232852604,0.004040864510241965,-0.2253220901334646,0.0,0.0,0.0
1562.0,12.532846160684205,-6.251028645575118,0.0,0.0,-3.4074610965345765e-05,0.0,0.0,-6.593269067949918,20.5794109308,0.0,0.0,0.34224042237480035,0.0,-9.366350888743988e-05,0.0,0.038327449705464756,0.004040622319275933,-0.22532303995459746,0.0,0.0,0.0
1563.0,12.532801149269652,-6.25105379867441,0.0,0.0,-3.249714716208344e-05,0.0,0.0,-6.593302355031985,20.5794109308,0.0,0.0,0.3422485563575748,0.0,-8.932773339334559e-05,0.0,0.038327585237857946,0.004040402218336625,-0.22532395384915807,0.0,0.0,0.0
1564.0,12.532756299519896,-6.251077353612956,0.0,0.0,-3.090533352162622e-05,0.0,0.0,-6.593334057460926,20.5794109308,0.0,0.0,0.34225670384797,0.0,-8.495248087292733e-05,0.0,0.03832771276238037,0.00404020437027644,-0.22532483146243362,0.0,0.0,0.0
1565.0,12.532711619599153,-6.251099297374589,0.0,0.0,-2.92993445345481e-05,0.0,0.0,-6.593364160973875,20.5794109308,0.0,0.0,0.34226486359928643,0.0,-8.053823066005133e-05,0.0,0.038327832212284176,0.004040028935290041,-0.22532567244352603,0.0,0.0,0.0
1566.0,12.532667117691142,-6.251119617128435,0.0,0.0,-2.7679357991976887e-05,0.0,0.0,-6.593392651484106,20.5794109308,0.0,0.0,0.3422730343556717,0.0,-7.60854711825518e-05,0.0,0.03832794352174153,0.004039876070872653,-0.22532647644543102,0.0,0.0,0.0
1567.0,12.532622801997872,-6.251138300232058,0.0,0.0,-2.604555497582777e-05,0.0,0.0,-6.5934195150843316,20.5794109308,0.0,0.0,0.3422812148522736,0.0,-7.159469993577319e-05,0.0,0.038328046625860535,0.004039745931779359,-0.2253272431251166,0.0,0.0,0.0
1568.0,12.532578680738428,-6.251155334234596,0.0,0.0,-2.439811984844469e-05,0.0,0.0,-6.5934447380499845,20.5794109308,0.0,0.0,0.3422894038153883,0.0,-6.706642345447424e-05,0.0,0.03832814146070117,0.004039638669984025,-0.22532797214360137,0.0,0.0,0.0
1569.0,12.532534762147739,-6.251170706879877,0.0,0.0,-2.2737240241649436e-05,0.0,0.0,-6.593468306842499,20.5794109308,0.0,0.0,0.3422975999626212,0.0,-6.250115728309275e-05,0.0,0.03832822796329108,0.0040395544346387285,-0.22532866316603295,0.0,0.0,0.0
1570.0,12.532491054475345,-6.25118440610953,0.0,0.0,-2.1063107045192007e-05,0.0,0.0,-6.593490208112568,20.5794109308,0.0,0.0,0.34230580200303784,0.0,-5.7899425944353237e-05,0.0,0.03832830607164137,0.004039493372033451,-0.22532931586176597,0.0,0.0,0.0
1571.0,12.532447565984146,-6.251196420066074,0.0,0.0,-1.937591439460575e-05,0.0,0.0,-6.593510428703402,20.5794109308,0.0,0.0,0.3423140086373282,0.0,-5.3261762906226904e-05,0.0,0.038328375724762366,0.004039455625555716,-0.22532992990443973,0.0,0.0,0.0
1572.0,12.532404304949148,-6.2512067370959965,0.0,0.0,-1.7675859658462677e-05,0.0,0.0,-6.5935289556539605,20.5794109308,0.0,0.0,0.34232221855796396,0.0,-4.858871054723047e-05,0.0,0.03832843686267911,0.00403944133565079,-0.22533050497205576,0.0,0.0,0.0
1573.0,12.532361279656199,-6.251215345752819,0.0,0.0,-1.5963143425028672e-05,0.0,0.0,-6.593545776202184,20.5794109308,0.0,0.0,0.3423304304493655,0.0,-4.388082012006313e-05,0.0,0.038328489426447045,0.004039450639781977,-0.22533104074705518,0.0,0.0,0.0
1574.0,12.532318498400707,-6.251222234800138,0.0,0.0,-1.4237969488318352e-05,0.0,0.0,-6.593560877788207,20.5794109308,0.0,0.0,0.3423386429880688,0.0,-3.9138651713580485e-05,0.0,0.03832853335816744,0.004039483672391056,-0.22533153691639585,0.0,0.0,0.0
1575.0,12.53227596948637,-6.251227393214661,0.0,0.0,-1.2500544833544324e-05,0.0,0.0,-6.5935742480575525,20.5794109308,0.0,0.0,0.3423468548428916,0.0,-3.436277421309066e-05,0.0,0.038328568601002776,0.004039540564859306,-0.22533199317162855,0.0,0.0,0.0
1576.0,12.532233701223873,-6.251230810189217,0.0,0.0,-1.0751079621966124e-05,0.0,0.0,-6.59358587486432,20.5794109308,0.0,0.0,0.342355064675103,0.0,-2.9553765258986747e-05,0.0,0.038328595099192106,0.004039621445468405,-0.22533240920897407,0.0,0.0,0.0
1577.0,12.532191701929595,-6.251232475135751,0.0,0.0,-8.989787175133096e-06,0.0,0.0,-6.5935957462743495,20.5794109308,0.0,0.0,0.34236327113859844,0.0,-2.471221120369956e-05,0.0,0.038328612798066236,0.004039726439361943,-0.22533278472939894,0.0,0.0,0.0
1578.0,12.532149979924295,-6.251232377688303,0.0,0.0,-7.216883958520734e-06,0.0,0.0,-6.593603850568378,20.5794109308,0.0,0.0,0.3423714728800755,0.0,-1.983870706696898e-05,0.0,0.038328621644062914,0.004039855668507036,-0.22533311943869117,0.0,0.0,0.0
1579.0,12.532108543531802,-6.251230507705965,0.0,0.0,-5.432589564562609e-06,0.0,0.0,-6.593610176245173,20.5794109308,0.0,0.0,0.3423796685392082,0.0,-1.4933856489439444e-05,0.0,0.038328621584741825,0.0040400092516562625,-0.22533341304753585,0.0,0.0,0.0
1580.0,12.532067401077686,-6.251226855275822,0.0,0.0,-3.6371266950714564e-06,0.0,0.0,-6.593614712024649,20.5794109308,0.0,0.0,0.342387856748827,0.0,-9.998271684561534e-06,0.0,0.03832861256879959,0.004040187304309981,-0.22533366527159016,0.0,0.0,0.0
1581.0,12.532026560887926,-6.251221410715867,0.0,0.0,-1.8307211430579773e-06,0.0,0.0,-6.593617446850969,20.5794109308,0.0,0.0,0.34239603613510194,0.0,-5.0325733888229776e-06,0.0,0.0383285945460846,0.004040389938678807,-0.22533387583155812,0.0,0.0,0.0
1582.0,12.531986031287573,-6.251214164577905,0.0,0.0,-1.3601773936160654e-08,0.0,0.0,-6.593618369895628,20.5794109308,0.0,0.0,0.342404205317723,0.0,-3.7390810277865525e-08,0.0,0.03832856746761177,0.004040617263646601,-0.22533404445326477,0.0,0.0,0.0
1583.0,12.531945820599399,-6.251205107650426,0.0,0.0,1.8139994938780565e-06,0.0,0.0,-6.593617470560516,20.5794109308,0.0,0.0,0.3424123629100899,0.0,4.986638424607398e-06,0.0,0.03832853128557718,0.0040408693847336224,-0.22533417086773044,0.0,0.0,0.0
1584.0,12.531905937142543,-6.2511942309614605,0.0,0.0,3.6518477089757576e-06,0.0,0.0,-6.593614738480958,20.5794109308,0.0,0.0,0.34242050751949726,0.0,1.0038868325794383e-05,0.0,0.03832848595337265,0.004041146404060128,-0.2253342548112436,0.0,0.0,0.0
1585.0,12.531866389231157,-6.251181525781415,0.0,0.0,5.499704907577286e-06,0.0,0.0,-6.593610163528737,20.5794109308,0.0,0.0,0.34242863774732246,0.0,1.5118644596214962e-05,0.0,0.03832843142560014,0.004041448420310151,-0.22533429602543475,0.0,0.0,0.0
1586.0,12.531827185173022,-6.251166983625879,0.0,0.0,7.357330134757075e-06,0.0,0.0,-6.5936037358151,20.5794109308,0.0,0.0,0.3424367521892213,0.0,2.022530468998658e-05,0.0,0.038328367658086074,0.004041775528695904,-0.22533429425734836,0.0,0.0,0.0
1587.0,12.531788333268187,-6.251150596258414,0.0,0.0,9.2244794662866e-06,0.0,0.0,-6.593595445693734,20.5794109308,0.0,0.0,0.34244484943531983,0.0,2.535817787234347e-05,0.0,0.03832829460789556,0.0040421278209222394,-0.22533424925951548,0.0,0.0,0.0
1588.0,12.53174984180758,-6.251132355693316,0.0,0.0,1.1100906031079943e-05,0.0,0.0,-6.5935852837637245,20.5794109308,0.0,0.0,0.3424529280704087,0.0,3.051658528124137e-05,0.0,0.038328212233346454,0.00404250538515169,-0.22533416079002525,0.0,0.0,0.0
1589.0,12.531711719071621,-6.2511122541983495,0.0,0.0,1.2986360034250543e-05,0.0,0.0,-6.593573240872494,20.5794109308,0.0,0.0,0.34246098667414415,0.0,3.569983999065965e-05,0.0,0.038328120494023336,0.004042908305969775,-0.2253340286125961,0.0,0.0,0.0
1590.0,12.53167397332883,-6.251090284297464,0.0,0.0,1.4880588780777178e-05,0.0,0.0,-6.59355930811871,20.5794109308,0.0,0.0,0.3424690238212458,0.0,4.090724707559564e-05,0.0,0.038328019350791345,0.004043336664350708,-0.22533385249664667,0.0,0.0,0.0
1591.0,12.531636612834422,-6.25106643877348,0.0,0.0,1.6783336699778564e-05,0.0,0.0,-6.593543476855176,20.5794109308,0.0,0.0,0.3424770380816966,0.0,4.61381036787498e-05,0.0,0.03832790876580987,0.004043790537623548,-0.22533363221736574,0.0,0.0,0.0
1592.0,12.531599645828901,-6.251040710670744,0.0,0.0,1.8694345369394702e-05,0.0,0.0,-6.593525738691695,20.5794109308,0.0,0.0,0.3424850280209508,0.0,5.139169907889671e-05,0.0,0.03832778870254617,0.004044269999438646,-0.22533336755578212,0.0,0.0,0.0
1593.0,12.531563080536655,-6.251013093297768,0.0,0.0,2.0613353542275883e-05,0.0,0.0,-6.593506085497905,20.5794109308,0.0,0.0,0.3424929922001372,0.0,5.666731476094468e-05,0.0,0.03832765912578877,0.004044775119734598,-0.22533305829883354,0.0,0.0,0.0
1594.0,12.53152692516453,-6.25098358022983,0.0,0.0,2.254009717168213e-05,0.0,0.0,-6.593484509406094,20.5794109308,0.0,0.0,0.3425009291762642,0.0,6.196422448769183e-05,0.0,0.03832752000166081,0.004045305964705509,-0.22533270423943563,0.0,0.0,0.0
1595.0,12.53149118790041,-6.250952165311554,0.0,0.0,2.4474309438179727e-05,0.0,0.0,-6.593461002813986,20.5794109308,0.0,0.0,0.34250883750243233,0.0,6.728169437324207e-05,0.0,0.03832737129763317,0.004045862596768826,-0.2253323051765494,0.0,0.0,0.0
1596.0,12.531455876911796,-6.250918842659453,0.0,0.0,2.6415720776952514e-05,0.0,0.0,-6.5934355583874975,20.5794109308,0.0,0.0,0.34251671572804465,0.0,7.261898295812988e-05,0.0,0.038327212982537516,0.004046445074533445,-0.22533186091524898,0.0,0.0,0.0
1597.0,12.531421000344361,-6.250883606664455,0.0,0.0,2.8364058905710572e-05,0.0,0.0,-6.593408169063473,20.5794109308,0.0,0.0,0.3425245623990181,0.0,7.797534128610614e-05,0.0,0.03832704502657922,0.004047053452768221,-0.22533137126678832,0.0,0.0,0.0
1598.0,12.531386566320524,-6.250846451994385,0.0,0.0,3.0319048853204284e-05,0.0,0.0,-6.5933788280523835,20.5794109308,0.0,0.0,0.34253237605799836,0.0,8.33500129826074e-05,0.0,0.038326867401350016,0.004047687782371259,-0.22533083604866758,0.0,0.0,0.0
1599.0,12.531352582938005,-6.2508073735964285,0.0,0.0,3.228041298833929e-05,0.0,0.0,-6.593347528841007,20.5794109308,0.0,0.0,0.3425401552445786,0.0,8.8742234334896e-05,0.0,0.03832668007984061,0.004048348110339106,-0.22533025508469828,0.0,0.0,0.0
1600.0,12.531319058268377,-6.250766366699554,0.0,0.0,3.4247871049890303e-05,0.0,0.0,-6.593314265195069,20.5794109308,0.0,0.0,0.34254789849551504,0.0,9.41512343738661e-05,0.0,0.03832648303645314,0.00404903447973691,-0.2253296282050686,0.0,0.0,0.0
1601.0,12.531286000355614,-6.25072342681691,0.0,0.0,3.6221140176817546e-05,0.0,0.0,-6.593279031161857,20.5794109308,0.0,0.0,0.34255560434494736,0.0,9.957623495752582e-05,0.0,0.03832627624701339,0.004049746929668849,-0.2253289552464075,0.0,0.0,0.0
1602.0,12.53125341721465,-6.250678549748187,0.0,0.0,3.8199934939177324e-05,0.0,0.0,-6.593241821072809,20.5794109308,0.0,0.0,0.3425632713246216,0.0,0.00010501645085613204,0.0,0.0383260596887829,0.004050485495248821,-0.22532823605184815,0.0,0.0,0.0
1603.0,12.531221316829907,-6.250631731581952,0.0,0.0,4.0183967369625984e-05,0.0,0.0,-6.593202629546061,20.5794109308,0.0,0.0,0.34257089796410956,0.0,0.00011047108983897661,0.0,0.03832583334047098,0.004051250207572049,-0.22532747047109125,0.0,0.0,0.0
1604.0,12.53118970715384,-6.2505829686979375,0.0,0.0,4.21729469955238e-05,0.0,0.0,-6.593161451488976,20.5794109308,0.0,0.0,0.34257848279103875,0.0,0.0001159393527628413,0.0,0.03832559718224641,0.004052041093686828,-0.22532665836046673,0.0,0.0,0.0
1605.0,12.531158596105481,-6.250532257769311,0.0,0.0,4.416658087162422e-05,0.0,0.0,-6.593118282100626,20.5794109308,0.0,0.0,0.3425860243313146,0.0,0.00012142043366208203,0.0,0.03832535119574904,0.004052858176566754,-0.22532579958299548,0.0,0.0,0.0
1606.0,12.53112799156896,-6.250479595764901,0.0,0.0,4.616457361335812e-05,0.0,0.0,-6.593073116874251,20.5794109308,0.0,0.0,0.34259352110935026,0.0,0.00012691351984036873,0.0,0.03832509536410133,0.00405370147508384,-0.22532489400845013,0.0,0.0,0.0
1607.0,12.531097901392043,-6.250424979951386,0.0,0.0,4.816662743070095e-05,0.0,0.0,-6.593025951599682,20.5794109308,0.0,0.0,0.34260097164829606,0.0,0.00013241779196404782,0.0,0.03832482967191948,0.004054571003981752,-0.22532394151341506,0.0,0.0,0.0
1608.0,12.531068333384656,-6.250368407895456,0.0,0.0,5.017244216263047e-05,0.0,0.0,-6.592976782365726,20.5794109308,0.0,0.0,0.34260837447027015,0.0,0.00013793242415714813,0.0,0.038324554105324614,0.004055466773849603,-0.22532294198134545,0.0,0.0,0.0
1609.0,12.531039295317418,-6.250309877465935,0.0,0.0,5.218171531216351e-05,0.0,0.0,-6.592925605562526,20.5794109308,0.0,0.0,0.34261572809659047,0.0,0.000143456584097999,0.0,0.038324268651953645,0.004056388791096488,-0.22532189530262597,0.0,0.0,0.0
1610.0,12.531010794920158,-6.250249386835861,0.0,0.0,5.419414208197641e-05,0.0,0.0,-6.5928724178838705,20.5794109308,0.0,0.0,0.3426230310480092,0.0,0.00014898943311747288,0.0,0.03832397330096998,0.004057337057926408,-0.2253208013746284,0.0,0.0,0.0
1611.0,12.53098283988044,-6.250186934484536,0.0,0.0,5.620941541060107e-05,0.0,0.0,-6.592817216329484,20.5794109308,0.0,0.0,0.34263028184494804,0.0,0.00015453012629883088,0.0,0.03832366804307412,0.004058311572313594,-0.22531966010176852,0.0,0.0,0.0
1612.0,12.530955437842081,-6.250122519199532,0.0,0.0,5.8227226009196584e-05,0.0,0.0,-6.592759998207268,20.5794109308,0.0,0.0,0.34263747900773556,0.0,0.00016007781257917051,0.0,0.038323352870513916,0.004059312327978737,-0.22531847139556221,0.0,0.0,0.0
1613.0,12.530928596403673,-6.250056140078666,0.0,0.0,6.024726239890048e-05,0.0,0.0,-6.592700761135511,20.5794109308,0.0,0.0,0.342644621056845,0.0,0.00016563163485248708,0.0,0.038323027777094794,0.0040603393143654465,-0.22531723517468055,0.0,0.0,0.0
1614.0,12.530902323117097,-6.249987796531926,0.0,0.0,6.226921094873672e-05,0.0,0.0,-6.59263950304506,20.5794109308,0.0,0.0,0.34265170651313426,0.0,0.00017119073007428582,0.0,0.038322692758189704,0.004061392516617385,-0.22531595136500454,0.0,0.0,0.0
1615.0,12.530876625486046,-6.2499174882833675,0.0,0.0,6.429275591410453e-05,0.0,0.0,-6.592576222181452,20.5794109308,0.0,0.0,0.34265873389808466,0.0,0.00017675422936781093,0.0,0.03832234781074884,0.004062471915556004,-0.22531461989967827,0.0,0.0,0.0
1616.0,12.530851510964538,-6.249845215372965,0.0,0.0,6.631757947582207e-05,0.0,0.0,-6.592510917107011,20.5794109308,0.0,0.0,0.3426657017340453,0.0,0.00018232125813181987,0.0,0.038321992933309276,0.004063577487658759,-0.22531324071916192,0.0,0.0,0.0
1617.0,12.530826986955429,-6.249770978158424,0.0,0.0,6.834336177973197e-05,0.0,0.0,-6.592443586702898,20.5794109308,0.0,0.0,0.3426726085444738,0.0,0.00018789093614992236,0.0,0.03832162812600429,0.004064709205037986,-0.22531181377128345,0.0,0.0,0.0
1618.0,12.53080306080893,-6.249694777316948,0.0,0.0,7.036978097686853e-05,0.0,0.0,-6.592374230171132,20.5794109308,0.0,0.0,0.3426794528541848,0.0,0.00019346237770148338,0.0,0.03832125339057248,0.00406586703542039,-0.2253103390112895,0.0,0.0,0.0
1619.0,12.530779739821128,-6.249616613846968,0.0,0.0,7.239651326417399e-05,0.0,0.0,-6.59230284703656,20.5794109308,0.0,0.0,0.3426862331895917,0.0,0.00019903469167405509,0.0,0.038320868730366824,0.0040670509421269485,-0.2253088164018952,0.0,0.0,0.0
1620.0,12.530757031232492,-6.249536489069836,0.0,0.0,7.442323292576609e-05,0.0,0.0,-6.5922294371487915,20.5794109308,0.0,0.0,0.34269294807895534,0.0,0.0002046069816773445,0.0,0.038320474150363305,0.004068260884053723,-0.2253072459133337,0.0,0.0,0.0
1621.0,12.530734942226399,-6.249454404631458,0.0,0.0,7.644961237475552e-05,0.0,0.0,-6.592154000684092,20.5794109308,0.0,0.0,0.34269959605263356,0.0,0.00021017834615871198,0.0,0.03832006965716951,0.0040694968156528705,-0.22530562752340388,0.0,0.0,0.0
1622.0,12.530713479927645,-6.249370362503905,0.0,0.0,7.847532219560065e-05,0.0,0.0,-6.592076538147231,20.5794109308,0.0,0.0,0.3427061756433263,0.0,0.00021574787852016655,0.0,0.03831965525903291,0.004070758686914727,-0.22530396121751767,0.0,0.0,0.0
1623.0,12.530692651400964,-6.249284364986963,0.0,0.0,8.050003118700836e-05,0.0,0.0,-6.591997050373291,20.5794109308,0.0,0.0,0.3427126853863287,0.0,0.0002213146672368813,0.0,0.03831923096584896,0.004072046443350047,-0.22530224698874643,0.0,0.0,0.0
1624.0,12.530672463649548,-6.249196414709648,0.0,0.0,8.2523406405362e-05,0.0,0.0,-6.591915538529429,20.5794109308,0.0,0.0,0.34271912381978087,0.0,0.00022687779597717773,0.0,0.03831879678916898,0.004073360025973333,-0.22530048483786594,0.0,0.0,0.0
1625.0,12.53065292361357,-6.249106514631678,0.0,0.0,8.454511320868544e-05,0.0,0.0,-6.5918320041166005,20.5794109308,0.0,0.0,0.34272548948492254,0.0,0.00023243634372400193,0.0,0.0383183527422078,0.004074699371286364,-0.22529867477340088,0.0,0.0,0.0
1626.0,12.5306340381687,-6.249014668044891,0.0,0.0,8.656481530113374e-05,0.0,0.0,-6.591746448971231,20.5794109308,0.0,0.0,0.34273178092634016,0.0,0.00023798938489786805,0.0,0.03831789883985117,0.004076064411262639,-0.22529681681166808,0.0,0.0,0.0
1627.0,12.530615814124634,-6.248920878574625,0.0,0.0,8.858217477800293e-05,0.0,0.0,-6.591658875266853,20.5794109308,0.0,0.0,0.34273799669222793,0.0,0.0002435359894812468,0.0,0.03831743509866298,0.004077455073332362,-0.22529491097681845,0.0,0.0,0.0
1628.0,12.53059825822362,-6.248825150181048,0.0,0.0,9.059685217126148e-05,0.0,0.0,-6.591569285515686,20.5794109308,0.0,0.0,0.3427441353346383,0.0,0.0002490752231444064,0.0,0.03831696153689221,0.0040788712803682126,-0.22529295730087873,0.0,0.0,0.0
1629.0,12.530581377138986,-6.248727487160446,0.0,0.0,9.26085064955923e-05,0.0,0.0,-6.591477682570184,20.5794109308,0.0,0.0,0.34275019540973783,0.0,0.00025460614737267574,0.0,0.03831647817447968,0.004080312950671461,-0.22529095582379122,0.0,0.0,0.0
1630.0,12.530565177473672,-6.2486278941464555,0.0,0.0,9.46167952949456e-05,0.0,0.0,-6.591384069624521,20.5794109308,0.0,0.0,0.3427561754780655,0.0,0.00026012781959512893,0.0,0.0383159850330645,0.004081779997959098,-0.22528890659345316,0.0,0.0,0.0
1631.0,12.530549665758764,-6.248526376111258,0.0,0.0,9.662137468959331e-05,0.0,0.0,-6.591288450216046,20.5794109308,0.0,0.0,0.34276207410478854,0.0,0.0002656392933146666,0.0,0.03831548213599038,0.004083272331351445,-0.2252868096657547,0.0,0.0,0.0
1632.0,12.530534848452033,-6.248422938366719,0.0,0.0,9.862189942368581e-05,0.0,0.0,-6.59119082822668,20.5794109308,0.0,0.0,0.3427678898599611,0.0,0.0002711396182394953,0.0,0.03831496950831164,0.004084789855360413,-0.22528466510461595,0.0,0.0,0.0
1633.0,12.530520731936472,-6.248317586565484,0.0,0.0,0.00010061802291329918,0.0,0.0,-6.591091207884266,20.5794109308,0.0,0.0,0.34277362131878153,0.0,0.0002766278404159725,0.0,0.038314447176798945,0.00408633246987869,-0.22528247298202275,0.0,0.0,0.0
1634.0,12.530507322518845,-6.248210326702021,0.0,0.0,0.00010260939729497419,0.0,0.0,-6.590989593763876,20.5794109308,0.0,0.0,0.3427792670618546,0.0,0.0002821030023628195,0.0,0.0383139151699449,0.0040879000701690565,-0.22528023337806158,0.0,0.0,0.0
1635.0,12.530494626428236,-6.248101165113617,0.0,0.0,0.00010459567347473857,0.0,0.0,-6.590885990789063,20.5794109308,0.0,0.0,0.3427848256754462,0.0,0.00028756414320668005,0.0,0.03831337351796928,0.004089492546855228,-0.2252779463809534,0.0,0.0,0.0
1636.0,12.530482649814598,-6.247990108481323,0.0,0.0,0.0001065765011776073,0.0,0.0,-6.590780404233072,20.5794109308,0.0,0.0,0.34279029575174924,0.0,0.00029301029881900813,0.0,0.03831282225282409,0.004091109785912553,-0.2252756120870858,0.0,0.0,0.0
1637.0,12.530471398747313,-6.247877163830848,0.0,0.0,0.0001085515289975553,0.0,0.0,-6.59067283971999,20.5794109308,0.0,0.0,0.3427956758891417,0.0,0.00029844050195427065,0.0,0.03831226140819835,0.004092751668659966,-0.22527323060104484,0.0,0.0,0.0
1638.0,12.530460879213754,-6.2477623385334065,0.0,0.0,0.00011052040444795811,0.0,0.0,-6.5905633032258555,20.5794109308,0.0,0.0,0.34280096469244903,0.0,0.000303853782389452,0.0,0.0383116910195226,0.00409441807175244,-0.22527080203564512,0.0,0.0,0.0
1639.0,12.53045109711785,-6.247645640306507,0.0,0.0,0.00011248277401249665,0.0,0.0,-6.590451801079712,20.5794109308,0.0,0.0,0.3428061607732049,0.0,0.0003092491670648483,0.0,0.038311111123973195,0.004096108867174111,-0.22526832651195894,0.0,0.0,0.0
1640.0,12.53044205827866,-6.247527077214698,0.0,0.0,0.00011443828319651556,0.0,0.0,-6.590338339964614,20.5794109308,0.0,0.0,0.34281126274991625,0.0,0.0003146256802261243,0.0,0.03831052176047631,0.0040978239222323465,-0.22526580415934422,0.0,0.0,0.0
1641.0,12.530433768428953,-6.247406657670254,0.0,0.0,0.00011638657657883429,0.0,0.0,-6.590222926918576,20.5794109308,0.0,0.0,0.3428162692483223,0.0,0.0003199823435676281,0.0,0.03830992296971171,0.0040995630995522,-0.2252632351154713,0.0,0.0,0.0
1642.0,12.530426233213781,-6.247284390433817,0.0,0.0,0.00011832729786399705,0.0,0.0,-6.5901055693354795,20.5794109308,0.0,0.0,0.3428211789016622,0.0,0.00032531817637692576,0.0,0.03830931479411622,0.00410132625707188,-0.22526061952634868,0.0,0.0,0.0
1643.0,12.530419458189082,-6.247160284614979,0.0,0.0,0.00012026008993496992,0.0,0.0,-6.589986274965912,20.5794109308,0.0,0.0,0.3428259903509332,0.0,0.00033063219568057957,0.0,0.03830869727788695,0.004103113248038817,-0.2252579575463469,0.0,0.0,0.0
1644.0,12.530413448820266,-6.247034349672811,0.0,0.0,0.0001221845949062624,0.0,0.0,-6.589865051917968,20.5794109308,0.0,0.0,0.3428307022451573,0.0,0.00033592341639110396,0.0,0.03830807046698429,0.00410492392100642,-0.22525524933822233,0.0,0.0,0.0
1645.0,12.530408210480822,-6.246906595416345,0.0,0.0,0.00012410045417747878,0.0,0.0,-6.589741908657992,20.5794109308,0.0,0.0,0.34283531324164684,0.0,0.00034119085145511735,0.0,0.03830743440913455,0.004106758119831869,-0.2252524950731386,0.0,0.0,0.0
1646.0,12.530403748450924,-6.246777032004996,0.0,0.0,0.00012600730848728777,0.0,0.0,-6.58961685401126,20.5794109308,0.0,0.0,0.3428398220062645,0.0,0.00034643351200265327,0.0,0.038306789153832434,0.0041086156836740995,-0.22524969493068753,0.0,0.0,0.0
1647.0,12.530400067916046,-6.24664566994893,0.0,0.0,0.00012790479796780547,0.0,0.0,-6.589489897162621,20.5794109308,0.0,0.0,0.3428442272136909,0.0,0.0003516504074976212,0.0,0.03830613475234315,0.004110496446993184,-0.22524684909890857,0.0,0.0,0.0
1648.0,12.530397173965587,-6.246512520109383,0.0,0.0,0.00012979256219938575,0.0,0.0,-6.589361047657069,20.5794109308,0.0,0.0,0.3428485275476856,0.0,0.00035684054588939714,0.0,0.038305471257704324,0.004112400239549993,-0.22524395777430692,0.0,0.0,0.0
1649.0,12.530395071591503,-6.246377593698917,0.0,0.0,0.00013167024026580824,0.0,0.0,-6.589230315400272,20.5794109308,0.0,0.0,0.3428527217013544,0.0,0.00036200293376551656,0.0,0.03830479872472754,0.004114326886406741,-0.22524102116187042,0.0,0.0,0.0
1650.0,12.53039376568694,-6.246240902281627,0.0,0.0,0.00013353747080986303,0.0,0.0,-6.58909771065904,20.5794109308,0.0,0.0,0.3428568083774124,0.0,0.00036713657650546956,0.0,0.03830411720999974,0.004116276207928524,-0.2252380394750853,0.0,0.0,0.0
1651.0,12.530393261044885,-6.246102457773288,0.0,0.0,0.00013539389208931557,0.0,0.0,-6.588963244061737,20.5794109308,0.0,0.0,0.3428607862884485,0.0,0.0003722404784355486,0.0,0.03830342677188417,0.004118248019785178,-0.22523501293595052,0.0,0.0,0.0
1652.0,12.53039356235682,-6.245962272441448,0.0,0.0,0.00013723914203325836,0.0,0.0,-6.588826926598637,20.5794109308,0.0,0.0,0.34286465415718936,0.0,0.0003773136429847691,0.0,0.03830272747052122,0.0041202421329544076,-0.22523194177499078,0.0,0.0,0.0
1653.0,12.530394674211385,-6.245820358905465,0.0,0.0,0.00013907285829882715,0.0,0.0,-6.588688769622228,20.5794109308,0.0,0.0,0.342868410716763,0.0,0.0003823550728417999,0.0,0.0383020193678289,0.004122258353725233,-0.22522882623126828,0.0,0.0,0.0
1654.0,12.530396601093047,-6.245676730136486,0.0,0.0,0.00014089467832828856,0.0,0.0,-6.5885487848474495,20.5794109308,0.0,0.0,0.3428720547109636,0.0,0.00038736377011292156,0.0,0.03830130252750295,0.004124296483702647,-0.22522566655239312,0.0,0.0,0.0
1655.0,12.530399347380785,-6.24553139945737,0.0,0.0,0.00014270423940647916,0.0,0.0,-6.588406984351887,20.5794109308,0.0,0.0,0.3428755848945171,0.0,0.0003923387364809588,0.0,0.03830057701501682,0.004126356319812646,-0.22522246299453258,0.0,0.0,0.0
1656.0,12.530402917346779,-6.245384380542553,0.0,0.0,0.00014450117871860128,0.0,0.0,-6.588263380575892,20.5794109308,0.0,0.0,0.3428790000333395,0.0,0.0003972789733651984,0.0,0.0382998428976213,0.0041284376543083146,-0.22521921582241866,0.0,0.0,0.0
1657.0,12.53040731515511,-6.2452356874178525,0.0,0.0,0.00014628513340835545,0.0,0.0,-6.588117986322658,20.5794109308,0.0,0.0,0.34288229890480526,0.0,0.00040218348208223933,0.0,0.03829910024434375,0.004130540274776703,-0.22521592530935483,0.0,0.0,0.0
1658.0,12.530412544860472,-6.2450853344602235,0.0,0.0,0.00014805574063641252,0.0,0.0,-6.58797081475823,20.5794109308,0.0,0.0,0.3428854802980066,0.0,0.00040705126400778104,0.0,0.03829834912598725,0.004132663964146244,-0.22521259173722075,0.0,0.0,0.0
1659.0,12.530418610406887,-6.244933336397443,0.0,0.0,0.00014981263763921008,0.0,0.0,-6.587821879411462,20.5794109308,0.0,0.0,0.34288854301401894,0.0,0.00041188132073930757,0.0,0.03829758961512927,0.00413480850069535,-0.22520921539647631,0.0,0.0,0.0
1660.0,12.53042551562644,-6.244779708307745,0.0,0.0,0.00015155546178807238,0.0,0.0,-6.587671194173906,20.5794109308,0.0,0.0,0.3428914858661605,0.0,0.0004166726542596645,0.0,0.03829682178612015,0.004136973658061427,-0.22520579658616374,0.0,0.0,0.0
1661.0,12.53043326423802,-6.244624465619397,0.0,0.0,0.00015328385064863724,0.0,0.0,-6.587518773299651,20.5794109308,0.0,0.0,0.342894307680254,0.0,0.0004214242671014832,0.0,0.03829604571508125,0.004139159205250931,-0.2252023356139089,0.0,0.0,0.0
1662.0,12.530441859846071,-6.244467624110211,0.0,0.0,0.00015499744204059147,0.0,0.0,-6.5873646314051015,20.5794109308,0.0,0.0,0.3428970072948907,0.0,0.00042613516251245517,0.0,0.03829526147990279,0.004141364906650208,-0.22519883279592046,0.0,0.0,0.0
1663.0,12.530451305939353,-6.244309199906999,0.0,0.0,0.0001566958740976999,0.0,0.0,-6.587208783468686,20.5794109308,0.0,0.0,0.34289958356168704,0.0,0.00043080434462141535,0.0,0.038294469160241436,0.004143590522037055,-0.2251952884569885,0.0,0.0,0.0
1664.0,12.53046160588972,-6.244149209484972,0.0,0.0,0.00015837878532812123,0.0,0.0,-6.587051244830519,20.5794109308,0.0,0.0,0.3429020353455474,0.0,0.0004354308186052149,0.0,0.03829366883751754,0.004145835806593112,-0.22519170293048107,0.0,0.0,0.0
1665.0,12.530472762950904,-6.2439876696670735,0.0,0.0,0.00016004581467500673,0.0,0.0,-6.586892031191996,20.5794109308,0.0,0.0,0.34290436152492276,0.0,0.0004400135908563712,0.0,0.03829286059491208,0.0041481005109171715,-0.22518807655833972,0.0,0.0,0.0
1666.0,12.530484780257318,-6.243824597623257,0.0,0.0,0.00016169660157736766,0.0,0.0,-6.586731158615324,20.5794109308,0.0,0.0,0.3429065609920672,0.0,0.0004445516691514568,0.0,0.038292044517363386,0.00415038438103911,-0.22518440969107334,0.0,0.0,0.0
1667.0,12.530497660822858,-6.2436600108697,0.0,0.0,0.00016333078603120494,0.0,0.0,-6.586568643522998,20.5794109308,0.0,0.0,0.3429086326532982,0.0,0.00044904406282020813,0.0,0.03829122069156342,0.004152687158434906,-0.22518070268775103,0.0,0.0,0.0
1668.0,12.530511407539732,-6.243493927267961,0.0,0.0,0.00016494800865089477,0.0,0.0,-6.5864045026972144,20.5794109308,0.0,0.0,0.3429105754292534,0.0,0.00045348978291533527,0.0,0.03829038920595382,0.004155008580042141,-0.22517695591599268,0.0,0.0,0.0
1669.0,12.530526023177298,-6.243326365024074,0.0,0.0,0.00016654791073082223,0.0,0.0,-6.586238753279218,20.5794109308,0.0,0.0,0.3429123882551446,0.0,0.00045788784238301114,0.0,0.03828955015072172,0.00415734837827661,-0.22517316975195928,0.0,0.0,0.0
1670.0,12.530541510380905,-6.24315734268758,0.0,0.0,0.00016813013430724477,0.0,0.0,-6.586071412768597,20.5794109308,0.0,0.0,0.34291407008101693,0.0,0.0004622372562339897,0.0,0.03828870361779514,0.0041597062810496965,-0.22516934458034088,0.0,0.0,0.0
1671.0,12.530557871670759,-6.242986879150503,0.0,0.0,0.00016969432222039256,0.0,0.0,-6.5859024990225015,20.5794109308,0.0,0.0,0.3429156198719987,0.0,0.0004665370417153704,0.0,0.0382878497008381,0.0041620820117864304,-0.22516548079434323,0.0,0.0,0.0
1672.0,12.5305751094408,-6.242814993646259,0.0,0.0,0.00017124011817678313,0.0,0.0,-6.585732030254818,20.5794109308,0.0,0.0,0.34291703660855966,0.0,0.00047078621848294745,0.0,0.03828698849524546,0.004164475289444511,-0.2251615787956735,0.0,0.0,0.0
1673.0,12.530593225957592,-6.242641705748507,0.0,0.0,0.00017276716681174844,0.0,0.0,-6.585560025035266,20.5794109308,0.0,0.0,0.34291831928675975,0.0,0.00047498380877413675,0.0,0.03828612009813743,0.004166885828534139,-0.2251576389945239,0.0,0.0,0.0
1674.0,12.530612223359219,-6.242467035369937,0.0,0.0,0.00017427511375216187,0.0,0.0,-6.585386502288438,20.5794109308,0.0,0.0,0.3429194669185014,0.0,0.0004791288375814473,0.0,0.03828524460835378,0.0041693133391386555,-0.2251536618095544,0.0,0.0,0.0
1675.0,12.530632103654208,-6.242291002760997,0.0,0.0,0.00017576360567936048,0.0,0.0,-6.585211481292778,20.5794109308,0.0,0.0,0.34292047853178165,0.0,0.0004832203328264806,0.0,0.03828436212644773,0.004171757526935979,-0.22514964766787315,0.0,0.0,0.0
1676.0,12.53065286872046,-6.242113628508557,0.0,0.0,0.00017723229039225024,0.0,0.0,-6.585034981679497,20.5794109308,0.0,0.0,0.3429213531709401,0.0,0.00048725732553442656,0.0,0.03828347275467951,0.004174218093220938,-0.22514559700501663,0.0,0.0,0.0
1677.0,12.530674520304201,-6.241934933534514,0.0,0.0,0.00017868081687058413,0.0,0.0,-6.584857023431419,20.5794109308,0.0,0.0,0.34292208989690476,0.0,0.0004912388500090248,0.0,0.03828257659700964,0.004176694734928488,-0.22514151026492707,0.0,0.0,0.0
1678.0,12.530697060018932,-6.241754939094331,0.0,0.0,0.00018010883533840514,0.0,0.0,-6.584677626881773,20.5794109308,0.0,0.0,0.34292268778744184,0.0,0.0004951639440079707,0.0,0.038281673759091916,0.004179187144657537,-0.2251373878999295,0.0,0.0,0.0
1679.0,12.530720489344418,-6.241573666775517,0.0,0.0,0.00018151599732764515,0.0,0.0,-6.584496812712916,20.5794109308,0.0,0.0,0.3429231459373989,0.0,0.0004990316489187392,0.0,0.038280764348265994,0.0041816950106959155,-0.22513323037070623,0.0,0.0,0.0
1680.0,12.530744809625673,-6.24139113849604,0.0,0.0,0.00018290195574187195,0.0,0.0,-6.584314601954992,20.5794109308,0.0,0.0,0.34292346345895197,0.0,0.000502841009934805,0.0,0.03827984847354973,0.0041842180170459375,-0.22512903814627078,0.0,0.0,0.0
1681.0,12.530770022071973,-6.2412073765026825,0.0,0.0,0.00018426636492016937,0.0,0.0,-6.584131015984528,20.5794109308,0.0,0.0,0.3429236394818451,0.0,0.0005065910762322164,0.0,0.038278926245631256,0.004186755843450934,-0.2251248117039396,0.0,0.0,0.0
1682.0,12.530796127755876,-6.241022403369336,0.0,0.0,0.0001856088807011482,0.0,0.0,-6.583946076522968,20.5794109308,0.0,0.0,0.34292367315363137,0.0,0.0005102809011465171,0.0,0.03827799777686057,0.004189308165422512,-0.22512055152930305,0.0,0.0,0.0
1683.0,12.530823127612265,-6.2408362419952255,0.0,0.0,0.0001869291604870702,0.0,0.0,-6.583759805635141,20.5794109308,0.0,0.0,0.34292356363991594,0.0,0.0005139095423499644,0.0,0.038277063181241015,0.004191874654268818,-0.22511625811619385,0.0,0.0,0.0
1684.0,12.530851022437407,-6.240648915603076,0.0,0.0,0.00018822686330808306,0.0,0.0,-6.583572225727667,20.5794109308,0.0,0.0,0.34292331012459076,0.0,0.0005174760620290387,0.0,0.03827612257442028,0.00419445497712348,-0.22511193196665502,0.0,0.0,0.0
1685.0,12.530879812888019,-6.240460447737218,0.0,0.0,0.00018950164988655146,0.0,0.0,-6.583383359547292,20.5794109308,0.0,0.0,0.3429229118100743,0.0,0.0005209795270622023,0.0,0.038275176073681166,0.0041970487969754805,-0.22510757359090566,0.0,0.0,0.0
1686.0,12.530909499480366,-6.240270862261624,0.0,0.0,0.0001907531827014778,0.0,0.0,-6.583193230179169,20.5794109308,0.0,0.0,0.34292236791754505,0.0,0.0005244190091978891,0.0,0.03827422379793206,0.004199655772699748,-0.22510318350730543,0.0,0.0,0.0
1687.0,12.53094008258937,-6.240080183357891,0.0,0.0,0.00019198112605299931,0.0,0.0,-6.583001861045065,20.5794109308,0.0,0.0,0.3429216776871735,0.0,0.000527793585232687,0.0,0.03827326586769696,0.004202275559088836,-0.22509876224231767,0.0,0.0,0.0
1688.0,12.530971562447725,-6.239888435523154,0.0,0.0,0.00019318514612695246,0.0,0.0,-6.582809275901511,20.5794109308,0.0,0.0,0.3429208403783566,0.0,0.0005311023371896888,0.0,0.03827230240510536,0.004204907806885136,-0.22509431033047061,0.0,0.0,0.0
1689.0,12.531003939145053,-6.239695643567935,0.0,0.0,0.00019436491105949752,0.0,0.0,-6.582615498837881,20.5794109308,0.0,0.0,0.34291985526994573,0.0,0.0005343443524969897,0.0,0.03827133353388169,0.004207552162814085,-0.22508982831431745,0.0,0.0,0.0
1690.0,12.531037212627059,-6.239501832613936,0.0,0.0,0.00019552009100178973,0.0,0.0,-6.582420554274412,20.5794109308,0.0,0.0,0.3429187216604763,0.0,0.0005375187241662946,0.0,0.0382703593793345,0.004210208269618335,-0.22508531674439466,0.0,0.0,0.0
1691.0,12.531071382694707,-6.239307028091763,0.0,0.0,0.00019665035818468816,0.0,0.0,-6.582224466960154,20.5794109308,0.0,0.0,0.3429174388683913,0.0,0.0005406245509716091,0.0,0.03826938006834526,0.0042128757660924165,-0.22508077617917882,0.0,0.0,0.0
1692.0,12.531106449003422,-6.2391112557385915,0.0,0.0,0.00019775538698349064,0.0,0.0,-6.582027261970861,20.5794109308,0.0,0.0,0.3429160062322696,0.0,0.000543660937627982,0.0,0.03826839572935695,0.004215554287118506,-0.225076207185042,0.0,0.0,0.0
1693.0,12.531142411062307,-6.238914541595766,0.0,0.0,0.0001988348539826903,0.0,0.0,-6.581828964706812,20.5794109308,0.0,0.0,0.34291442311104614,0.0,0.000546626994970285,0.0,0.038267406492362224,0.0042182434637030725,-0.22507161033620557,0.0,0.0,0.0
1694.0,12.531179268233375,-6.238716912006338,0.0,0.0,0.00019988843804073355,0.0,0.0,-6.581629600890569,20.5794109308,0.0,0.0,0.34291268888423065,0.0,0.0005495218401319759,0.0,0.03826641248889137,0.004220942923014032,-0.2250669862146923,0.0,0.0,0.0
1695.0,12.531217019730803,-6.238518393612542,0.0,0.0,0.00020091582035477548,0.0,0.0,-6.581429196564672,20.5794109308,0.0,0.0,0.3429108029521304,0.0,0.0005523445967238308,0.0,0.038265413851999774,0.004223652288419144,-0.2250623354102772,0.0,0.0,0.0
1696.0,12.531255664620211,-6.238319013353206,0.0,0.0,0.00020191668452542596,0.0,0.0,-6.581227778089268,20.5794109308,0.0,0.0,0.3429087647360616,0.0,0.0005550943950126281,0.0,0.03826441071625532,0.0042263711795249015,-0.2250576585204368,0.0,0.0,0.0
1697.0,12.531295201817949,-6.238118798461107,0.0,0.0,0.00020289071662146335,0.0,0.0,-6.581025372139674,20.5794109308,0.0,0.0,0.34290657367856703,0.0,0.0005577703720997184,0.0,0.0382634032177252,0.004229099212216383,-0.22505295615029666,0.0,0.0,0.0
1698.0,12.531335630090412,-6.237917776460251,0.0,0.0,0.0002038376052445198,0.0,0.0,-6.580822005703878,20.5794109308,0.0,0.0,0.3429042292436266,0.0,0.0005603716720994922,0.0,0.038262391493962655,0.004231835998698086,-0.22504822891257747,0.0,0.0,0.0
1699.0,12.531376948053374,-6.237715975163103,0.0,0.0,0.000204757041593717,0.0,0.0,-6.580617706079972,20.5794109308,0.0,0.0,0.3429017309168696,0.0,0.0005628974463176851,0.0,0.03826137568399322,0.004234581147535138,-0.22504347742753972,0.0,0.0,0.0
1700.0,12.531419154171342,-6.237513422667749,0.0,0.0,0.00020564871953024597,0.0,0.0,-6.580412500873525,20.5794109308,0.0,0.0,0.34289907820577614,0.0,0.0005653468534295032,0.0,0.03826035592830076,0.004237334263695894,-0.22503870232292666,0.0,0.0,0.0
1701.0,12.531462246756925,-6.237310147354996,0.0,0.0,0.00020651233564188124,0.0,0.0,-6.5802064179948845,20.5794109308,0.0,0.0,0.3428962706398888,0.0,0.0005677190596575404,0.0,0.03825933236881312,0.004240094948594925,-0.225033904233906,0.0,0.0,0.0
1702.0,12.531506223970233,-6.237106177885409,0.0,0.0,0.0002073475893074147,0.0,0.0,-6.579999485656422,20.5794109308,0.0,0.0,0.34289330777101235,0.0,0.0005700132389494478,0.0,0.038258305148887506,0.004242862800137026,-0.22502908380300968,0.0,0.0,0.0
1703.0,12.531551083818291,-6.236901543196292,0.0,0.0,0.00020815418276100593,0.0,0.0,-6.579791732369706,20.5794109308,0.0,0.0,0.3428901891734144,0.0,0.0005722285731553447,0.0,0.03825727441329556,0.004245637412761988,-0.22502424168007235,0.0,0.0,0.0
1704.0,12.531596824154475,-6.236696272498596,0.0,0.0,0.00020893182115642336,0.0,0.0,-6.579583186942619,20.5794109308,0.0,0.0,0.34288691444402275,0.0,0.0005743642522049,0.0,0.03825624030820808,0.00424841837749014,-0.2250193785221684,0.0,0.0,0.0
1705.0,12.531643442677968,-6.236490395273778,0.0,0.0,0.00020968021263118478,0.0,0.0,-6.579373878476401,20.5794109308,0.0,0.0,0.3428834832026233,0.0,0.0005764194742841074,0.0,0.03825520298117944,0.004251205281968762,-0.2250144949935472,0.0,0.0,0.0
1706.0,12.531690936933241,-6.236283941270587,0.0,0.0,0.00021039906837057277,0.0,0.0,-6.579163836362637,20.5794109308,0.0,0.0,0.3428798950920502,0.0,0.0005783934460116861,0.0,0.03825416258113175,0.004253997710519333,-0.22500959176556706,0.0,0.0,0.0
1707.0,12.531739304309557,-6.236076940501799,0.0,0.0,0.00021108810267151594,0.0,0.0,-6.578953090280176,20.5794109308,0.0,0.0,0.34287614977837677,0.0,0.0005802853826150814,0.0,0.03825311925833863,0.004256795244185416,-0.22500466951662756,0.0,0.0,0.0
1708.0,12.531788542040486,-6.2358694232408824,0.0,0.0,0.0002117470330063294,0.0,0.0,-6.578741670191985,20.5794109308,0.0,0.0,0.34287224695110297,0.0,0.0005820945081060466,0.0,0.03825207316440872,0.004259597460781625,-0.22499972893210035,0.0,0.0,0.0
1709.0,12.531838647203456,-6.235661420018607,0.0,0.0,0.00021237558008630185,0.0,0.0,-6.5785296063419505,20.5794109308,0.0,0.0,0.3428681863233436,0.0,0.0005838200554557714,0.0,0.03825102445226884,0.004262403934943079,-0.22499477070425833,0.0,0.0,0.0
1710.0,12.531889616719319,-6.235452961619591,0.0,0.0,0.00021297346792511398,0.0,0.0,-6.578316929251597,20.5794109308,0.0,0.0,0.342863967632006,0.0,0.0005854612667695112,0.0,0.03824997327614694,0.004265214238175816,-0.22498979553220347,0.0,0.0,0.0
1711.0,12.53194144735194,-6.235244079078787,0.0,0.0,0.00021354042390208392,0.0,0.0,-6.578103669716759,20.5794109308,0.0,0.0,0.3428595906379721,0.0,0.0005870173934607114,0.0,0.03824891979155457,0.004268027938908056,-0.22498480412179322,0.0,0.0,0.0
1712.0,12.53199413570781,-6.23503480367791,0.0,0.0,0.00021407617882522188,0.0,0.0,-6.577889858804183,20.5794109308,0.0,0.0,0.34285505512627346,0.0,0.0005884876964245688,0.0,0.03824786415526928,0.004270844602542068,-0.22497979718556516,0.0,0.0,0.0
1713.0,12.532047678235681,-6.2348251669418,0.0,0.0,0.00021458046699409102,0.0,0.0,-6.577675527848067,20.5794109308,0.0,0.0,0.34285036090626697,0.0,0.0005898714462110279,0.0,0.038246806525316444,0.004273663791506954,-0.22497477544265998,0.0,0.0,0.0
1714.0,12.532102071226227,-6.234615200634732,0.0,0.0,0.00021505302626245384,0.0,0.0,-6.5774607084465355,20.5794109308,0.0,0.0,0.3428455078118038,0.0,0.000591167923197152,0.0,0.038245747060951046,0.004276485065312252,-0.2249697396187436,0.0,0.0,0.0
1715.0,12.532157310811721,-6.23440493675666,0.0,0.0,0.0002154935981006994,0.0,0.0,-6.577245432458059,20.5794109308,0.0,0.0,0.34284049570139885,0.0,0.0005923764177588551,0.0,0.038244685922638945,0.004279307980602054,-0.2249646904459273,0.0,0.0,0.0
1716.0,12.532213392965744,-6.234194407539408,0.0,0.0,0.00021590192765803896,0.0,0.0,-6.577029731997802,20.5794109308,0.0,0.0,0.3428353244583944,0.0,0.0005934962304419623,0.0,0.03824362327203796,0.004282132091210172,-0.22495962866268618,0.0,0.0,0.0
1717.0,12.532270313502915,-6.233983645442791,0.0,0.0,0.00021627776382445983,0.0,0.0,-6.576813639433915,20.5794109308,0.0,0.0,0.3428299939911241,0.0,0.0005945266721325664,0.0,0.03824255927197867,0.004284956948216109,-0.22495455501377684,0.0,0.0,0.0
1718.0,12.532328068078641,-6.2337726831506926,0.0,0.0,0.0002166208592924191,0.0,0.0,-6.576597187383762,20.5794109308,0.0,0.0,0.34282450423306976,0.0,0.0005954670642266345,0.0,0.0382414940864448,0.004287782100001358,-0.2249494702501527,0.0,0.0,0.0
1719.0,12.532386652188896,-6.233561553567071,0.0,0.0,0.00021693097061827995,0.0,0.0,-6.576380408710088,20.5794109308,0.0,0.0,0.34281885514301713,0.0,0.000596316738798868,0.0,0.03824042788055345,0.0042906070923069,-0.22494437512887863,0.0,0.0,0.0
1720.0,12.53244606117002,-6.2333502898119155,0.0,0.0,0.00021720785828346093,0.0,0.0,-6.576163336517124,20.5794109308,0.0,0.0,0.3428130467052082,0.0,0.0005970750387707345,0.0,0.03823936082053491,0.004293431468291434,-0.22493927041304365,0.0,0.0,0.0
1721.0,12.532506290198548,-6.233138925217137,0.0,0.0,0.0002174512867553066,0.0,0.0,-6.575946004146631,20.5794109308,0.0,0.0,0.3428070789294937,0.0,0.0005977413180776974,0.0,0.03823829307371227,0.004296254768589899,-0.22493415687167212,0.0,0.0,0.0
1722.0,12.532567334291056,-6.232927493322411,0.0,0.0,0.00021766102454765155,0.0,0.0,-6.575728445173885,20.5794109308,0.0,0.0,0.3428009518514745,0.0,0.0005983149418355604,0.0,0.03823722480848067,0.004299076531373361,-0.2249290352796337,0.0,0.0,0.0
1723.0,12.53262918830404,-6.2327160278709535,0.0,0.0,0.00021783684428107808,0.0,0.0,-6.575510693403601,20.5794109308,0.0,0.0,0.34279466553264726,0.0,0.0005987952865059333,0.0,0.03823615619428634,0.00430189629240911,-0.22492390641755194,0.0,0.0,0.0
1724.0,12.532691846933815,-6.232504562805249,0.0,0.0,0.00021797852274284726,0.0,0.0,-6.575292782865794,20.5794109308,0.0,0.0,0.34278822006054455,0.0,0.0005991817400607588,0.0,0.038235087401605215,0.004304713585121814,-0.22491877107171093,0.0,0.0,0.0
1725.0,12.532755304716433,-6.232293132262715,0.0,0.0,0.00021808584094650164,0.0,0.0,-6.575074747811582,20.5794109308,0.0,0.0,0.34278161554886744,0.0,0.0005994737021458964,0.0,0.038234018601921486,0.004307527940655198,-0.22491363003396114,0.0,0.0,0.0
1726.0,12.532819556027645,-6.232081770571313,0.0,0.0,0.00021815858419111772,0.0,0.0,-6.574856622708936,20.5794109308,0.0,0.0,0.34277485213762215,0.0,0.0005996705842437032,0.0,0.038232949967705585,0.004310338887934639,-0.2249084841016232,0.0,0.0,0.0
1727.0,12.532884595082866,-6.231870512245109,0.0,0.0,0.00021819654212020684,0.0,0.0,-6.574638442238355,20.5794109308,0.0,0.0,0.34276792999324535,0.0,0.0005997718098346078,0.0,0.03823188167239212,0.00431314595373021,-0.22490333407739074,0.0,0.0,0.0
1728.0,12.53295041593718,-6.231659391979768,0.0,0.0,0.0002181995087802434,0.0,0.0,-6.574420241288501,20.5794109308,0.0,0.0,0.34276084930873285,0.0,0.0005997768145576188,0.0,0.03823081389035745,0.00431594866272067,-0.2248981807692317,0.0,0.0,0.0
1729.0,12.533017012485367,-6.231448444648004,0.0,0.0,0.00021816728267882069,0.0,0.0,-6.574202054951765,20.5794109308,0.0,0.0,0.3427536103037605,0.0,0.0005996850463697676,0.0,0.03822974679689691,0.004318746537558066,-0.22489302499028785,0.0,0.0,0.0
1730.0,12.533084378461956,-6.231237705294969,0.0,0.0,0.00021809966684241015,0.0,0.0,-6.573983918519772,20.5794109308,0.0,0.0,0.34274621322480314,0.0,0.00059949596570442,0.0,0.03822868056820188,0.004321539098932944,-0.2248878675587736,0.0,0.0,0.0
1731.0,12.5331525074413,-6.231027209133593,0.0,0.0,0.0002179964688737255,0.0,0.0,-6.5737658674788415,20.5794109308,0.0,0.0,0.3427386583452483,0.0,0.0005992090456284602,0.0,0.03822761538133648,0.004324325865640355,-0.22488270929787268,0.0,0.0,0.0
1732.0,12.533221392837687,-6.230816991539865,0.0,0.0,0.00021785750100866743,0.0,0.0,-6.573547937505375,20.5794109308,0.0,0.0,0.3427309459655099,0.0,0.0005988237719982795,0.0,0.03822655141421408,0.004327106354646532,-0.22487755103563395,0.0,0.0,0.0
1733.0,12.53329102790546,-6.230607088048066,0.0,0.0,0.00021768258017284894,0.0,0.0,-6.5733301644612006,20.5794109308,0.0,0.0,0.3427230764131348,0.0,0.0005983396436145705,0.0,0.03822548884557343,0.004329880081156159,-0.2248723936048656,0.0,0.0,0.0
1734.0,12.533361405739184,-6.230397534345946,0.0,0.0,0.0002174715280376831,0.0,0.0,-6.573112584388849,20.5794109308,0.0,0.0,0.34271505004290326,0.0,0.000597756172375876,0.0,0.038224427854954675,0.004332646558680375,-0.22486723784302803,0.0,0.0,0.0
1735.0,12.533432519273823,-6.230188366269853,0.0,0.0,0.0002172241710760248,0.0,0.0,-6.572895233506788,20.5794109308,0.0,0.0,0.34270686723693533,0.0,0.00059707288343087,0.0,0.03822336862267491,0.004335405299105394,-0.22486208459212548,0.0,0.0,0.0
1736.0,12.533504361284958,-6.2299796197998045,0.0,0.0,0.00021694034061735577,0.0,0.0,-6.572678148204584,20.5794109308,0.0,0.0,0.3426985284047799,0.0,0.0005962893153293402,0.0,0.038222311329803665,0.004338155812761854,-0.22485693469859608,0.0,0.0,0.0
1737.0,12.533576924389015,-6.229771331054512,0.0,0.0,0.00021661987290249755,0.0,0.0,-6.572461365038027,20.5794109308,0.0,0.0,0.34269003398351483,0.0,0.0005954050201718314,0.0,0.038221256158137984,0.004340897608494737,-0.22485178901320063,0.0,0.0,0.0
1738.0,12.533650201043534,-6.2295635362863555,0.0,0.0,0.0002162626091378457,0.0,0.0,-6.572244920724185,20.5794109308,0.0,0.0,0.3426813844378298,0.0,0.0005944195637579297,0.0,0.03822020329017734,0.004343630193733808,-0.22484664839091034,0.0,0.0,0.0
1739.0,12.533724183547458,-6.229356271876305,0.0,0.0,0.00021586839554911294,0.0,0.0,-6.572028852136416,20.5794109308,0.0,0.0,0.3426725802601114,0.0,0.0005933325257331552,0.0,0.038219152909098233,0.004346353074565046,-0.22484151369079275,0.0,0.0,0.0
1740.0,12.53379886404145,-6.229149574328793,0.0,0.0,0.00021543708343456827,0.0,0.0,-6.57181319629932,20.5794109308,0.0,0.0,0.3426636219705266,0.0,0.000592143499734426,0.0,0.038218105198728564,0.004349065755802198,-0.22483638577589682,0.0,0.0,0.0
1741.0,12.533874234508245,-6.228943480266542,0.0,0.0,0.00021496852921776204,0.0,0.0,-6.571597990383639,20.5794109308,0.0,0.0,0.3426545101170966,0.0,0.0005908520935340673,0.0,0.038217060343521764,0.00435176774105947,-0.22483126551313637,0.0,0.0,0.0
1742.0,12.533950286773011,-6.228738026425338,0.0,0.0,0.00021446259449972742,0.0,0.0,-6.57138327170111,20.5794109308,0.0,0.0,0.34264524527577134,0.0,0.0005894579291823396,0.0,0.03821601852853065,0.004354458532824346,-0.22482615377317244,0.0,0.0,0.0
1743.0,12.53402701250376,-6.228533249648759,0.0,0.0,0.00021391914611064238,0.0,0.0,-6.571169077699255,20.5794109308,0.0,0.0,0.3426358280504962,0.0,0.00058796064314844,0.0,0.03821497993938105,0.004357137632531316,-0.22482105143029435,0.0,0.0,0.0
1744.0,12.534104403211765,-6.228329186882855,0.0,0.0,0.00021333805616094624,0.0,0.0,-6.570955445956134,20.5794109308,0.0,0.0,0.3426262590732785,0.0,0.0005863598864599651,0.0,0.03821394476224523,0.0043598045406360725,-0.22481595936229937,0.0,0.0,0.0
1745.0,12.534182450252025,-6.228125875170786,0.0,0.0,0.00021271920209190015,0.0,0.0,-6.570742414175032,20.5794109308,0.0,0.0,0.34261653900424616,0.0,0.0005846553248408006,0.0,0.03821291318381495,0.004362458756690293,-0.22481087845037118,0.0,0.0,0.0
1746.0,12.534261144823741,-6.227923351647404,0.0,0.0,0.00021206246672557144,0.0,0.0,-6.570530020179109,20.5794109308,0.0,0.0,0.34260666853170463,0.0,0.0005828466388473884,0.0,0.038211885391274486,0.004365099779416987,-0.22480580957895746,0.0,0.0,0.0
1747.0,12.53434047797083,-6.227721653533802,0.0,0.0,0.00021136773831424482,0.0,0.0,-6.570318301905989,20.5794109308,0.0,0.0,0.3425966483721874,0.0,0.0005809335240033745,0.0,0.03821086157227319,0.004367727106786484,-0.2248007536356455,0.0,0.0,0.0
1748.0,12.534420440582458,-6.227520818131807,0.0,0.0,0.00021063491058923568,0.0,0.0,-6.570107297402313,20.5794109308,0.0,0.0,0.3425864792705058,0.0,0.0005789156909325738,0.0,0.03820984191489804,0.004370340236092812,-0.2247957115110374,0.0,0.0,0.0
1749.0,12.534501023393618,-6.227320882818434,0.0,0.0,0.00020986388280910625,0.0,0.0,-6.569897044818225,20.5794109308,0.0,0.0,0.3425761619997907,0.0,0.0005767928654902528,0.0,0.03820882660764577,0.004372938664030768,-0.22479068409862352,0.0,0.0,0.0
1750.0,12.53458221698571,-6.227121885040297,0.0,0.0,0.00020905455980726258,0.0,0.0,-6.569687582401831,20.5794109308,0.0,0.0,0.3425656973615334,0.0,0.0005745647888926689,0.0,0.03820781583939493,0.004375521886773481,-0.22478567229465496,0.0,0.0,0.0
1751.0,12.534664011787173,-6.226923862307978,0.0,0.0,0.00020820685203893429,0.0,0.0,-6.569478948493595,20.5794109308,0.0,0.0,0.3425550861856168,0.0,0.000572231217844874,0.0,0.038206809799377614,0.004378089400050425,-0.2247806769980149,0.0,0.0,0.0
1752.0,12.534746398074134,-6.226726852190345,0.0,0.0,0.00020732067562751171,0.0,0.0,-6.569271181520697,20.5794109308,0.0,0.0,0.3425443293303516,0.0,0.0005697919246667107,0.0,0.03820580867715106,0.004380640699226057,-0.2247756991100887,0.0,0.0,0.0
1753.0,12.534829365971085,-6.226530892308843,0.0,0.0,0.00020639595241024234,0.0,0.0,-6.569064319991339,20.5794109308,0.0,0.0,0.34253342768249606,0.0,0.0005672466974170099,0.0,0.03820481266256897,0.004383175279378912,-0.224770739534633,0.0,0.0,0.0
1754.0,12.53491290545159,-6.226336020331729,0.0,0.0,0.00020543260998326937,0.0,0.0,-6.568858402489011,20.5794109308,0.0,0.0,0.3425223821572816,0.0,0.0005645953400159396,0.0,0.03820382194575263,0.004385692635381119,-0.22476579917764328,0.0,0.0,0.0
1755.0,12.534997006339022,-6.226142273968278,0.0,0.0,0.0002044305817460022,0.0,0.0,-6.568653467666707,20.5794109308,0.0,0.0,0.34251119369842975,0.0,0.0005618376723654801,0.0,0.03820283671706183,0.0043881922619786184,-0.22476087894722097,0.0,0.0,0.0
1756.0,12.535081658307332,-6.225949690962943,0.0,0.0,0.00020338980694480986,0.0,0.0,-6.568449554241106,20.5794109308,0.0,0.0,0.34249986327816284,0.0,0.0005589735304679982,0.0,0.038201857167065645,0.004390673653871566,-0.22475597975343883,0.0,0.0,0.0
1757.0,12.535166850881831,-6.225758309089481,0.0,0.0,0.00020231023071602512,0.0,0.0,-6.568246700986693,20.5794109308,0.0,0.0,0.3424883918972119,0.0,0.0005560027665428934,0.0,0.038200883486512884,0.004393136305795339,-0.22475110250820582,0.0,0.0,0.0
1758.0,12.535252573440017,-6.225568166145035,0.0,0.0,0.0002011918041282488,0.0,0.0,-6.568044946729859,20.5794109308,0.0,0.0,0.3424767805848248,0.0,0.0005529252491412784,0.0,0.03819991586630247,0.004395579712602182,-0.22474624812513022,0.0,0.0,0.0
1759.0,12.535338815212427,-6.225379299944182,0.0,0.0,0.000200034484223948,0.0,0.0,-6.567844330342942,20.5794109308,0.0,0.0,0.34246503039876064,0.0,0.0005497408632586872,0.0,0.0381989544974535,0.004398003369342929,-0.22474141751938237,0.0,0.0,0.0
1760.0,12.535425565283509,-6.225191748312948,0.0,0.0,0.00019883823406033005,0.0,0.0,-6.567644890738232,20.5794109308,0.0,0.0,0.3424531424252839,0.0,0.0005464495104457546,0.0,0.03819799957107528,0.004400406771349424,-0.224736611607556,0.0,0.0,0.0
1761.0,12.535512812592533,-6.22500554908278,0.0,0.0,0.0001976030227494876,0.0,0.0,-6.5674466668619385,20.5794109308,0.0,0.0,0.34244111777915887,0.0,0.0005430511089168573,0.0,0.03819705127833701,0.004402789414317321,-0.22473183130752877,0.0,0.0,0.0
1762.0,12.535600545934527,-6.224820740084485,0.0,0.0,0.00019632882549780554,0.0,0.0,-6.567249697688115,20.5794109308,0.0,0.0,0.3424289576036301,0.0,0.0005395455936566924,0.0,0.0381961098104374,0.00440515079438919,-0.22472707753832127,0.0,0.0,0.0
1763.0,12.535688753961235,-6.22463735914214,0.0,0.0,0.00019501562364461275,0.0,0.0,-6.567054022212545,20.5794109308,0.0,0.0,0.34241666307040575,0.0,0.0005359329165247464,0.0,0.038195175358574036,0.004407490408238138,-0.224722351219956,0.0,0.0,0.0
1764.0,12.53577742518212,-6.224455444066959,0.0,0.0,0.00019366340470007657,0.0,0.0,-6.566859679446591,20.5794109308,0.0,0.0,0.3424042353796324,0.0,0.0005322130463576504,0.0,0.03819424811391262,0.004409807753151848,-0.22471765327331444,0.0,0.0,0.0
1765.0,12.535866547965375,-6.224275032651138,0.0,0.0,0.00019227216238232274,0.0,0.0,-6.566666708411005,20.5794109308,0.0,0.0,0.34239167575986684,0.0,0.0005283859690693728,0.0,0.03819332826755604,0.004412102327116807,-0.22471298461999362,0.0,0.0,0.0
1766.0,12.535956110538978,-6.224096162661658,0.0,0.0,0.00019084189665377691,0.0,0.0,-6.5664751481297,20.5794109308,0.0,0.0,0.34237898546804235,0.0,0.000524451687749244,0.0,0.038192416010513194,0.0044143736289030955,-0.22470834618216173,0.0,0.0,0.0
1767.0,12.53604610099177,-6.223918871834062,0.0,0.0,0.00018937261375671306,0.0,0.0,-6.566285037623491,20.5794109308,0.0,0.0,0.3423661657894286,0.0,0.0005204102227577671,0.0,0.038191511533667816,0.004416621158149489,-0.22470373888241282,0.0,0.0,0.0
1768.0,12.536136507274566,-6.223743197866203,0.0,0.0,0.00018786432624800183,0.0,0.0,-6.566096415903795,20.5794109308,0.0,0.0,0.34235321803759167,0.0,0.0005162616118202035,0.0,0.03819061502774693,0.004418844415448847,-0.22469916364362064,0.0,0.0,0.0
1769.0,12.536227317201286,-6.223569178411959,0.0,0.0,0.00018631705303304643,0.0,0.0,-6.565909321966301,20.5794109308,0.0,0.0,0.34234014355434184,0.0,0.0005120059101178941,0.0,0.03818972668328933,0.004421042902433808,-0.22469462138879118,0.0,0.0,0.0
1770.0,12.53631851845012,-6.22339685107492,0.0,0.0,0.0001847308193989001,0.0,0.0,-6.565723794784606,20.5794109308,0.0,0.0,0.3423269437096863,0.0,0.0005076431903773051,0.0,0.03818884669061386,0.0044232161218629995,-0.2246901130409151,0.0,0.0,0.0
1771.0,12.536410098564726,-6.223226253402046,0.0,0.0,0.00018310565704654928,0.0,0.0,-6.565539873303814,20.5794109308,0.0,0.0,0.342313619901768,0.0,0.0005031735429567524,0.0,0.03818797523978748,0.004425363577707342,-0.22468563952281867,0.0,0.0,0.0
1772.0,12.536502044955451,-6.223057422877306,0.0,0.0,0.00018144160412236266,0.0,0.0,-6.565357596434109,20.5794109308,0.0,0.0,0.34230017355680253,0.0,0.000498597075930809,0.0,0.038187112520593244,0.0044274847752367175,-0.2246812017570144,0.0,0.0,0.0
1773.0,12.536594344900578,-6.222890396915278,0.0,0.0,0.00017973870524868132,0.0,0.0,-6.565177003044291,20.5794109308,0.0,0.0,0.3422866061290133,0.0,0.0004939139151723249,0.0,0.03818625872249818,0.004429579221107011,-0.22467680066555012,0.0,0.0,0.0
1774.0,12.53668698554761,-6.222725212854733,0.0,0.0,0.0001779970115535601,0.0,0.0,-6.564998131955291,20.5794109308,0.0,0.0,0.3422729191005587,0.0,0.0004891242044320929,0.0,0.03818541403462096,0.004431646423447302,-0.22467243716985838,0.0,0.0,0.0
1775.0,12.536779953914573,-6.2225619079521906,0.0,0.0,0.00017621658069963558,0.0,0.0,-6.564821021933644,20.5794109308,0.0,0.0,0.34225911398145303,0.0,0.0004842281054160881,0.0,0.0381845786456995,0.00443368589194737,-0.224668112190604,0.0,0.0,0.0
1776.0,12.536873236891362,-6.222400519375456,0.0,0.0,0.00017439747691211268,0.0,0.0,-6.564645711684943,20.5794109308,0.0,0.0,0.3422451923094867,0.0,0.0004792257978602663,0.0,0.0381837527440584,0.004435697137945491,-0.22466382664753154,0.0,0.0,0.0
1777.0,12.536966821241094,-6.222241084197127,0.0,0.0,0.00017253977100587208,0.0,0.0,-6.564472239847265,20.5794109308,0.0,0.0,0.34223115565013806,0.0,0.0004741174796029227,0.0,0.038182936517576274,0.004437679674516359,-0.22465958145931203,0.0,0.0,0.0
1778.0,12.53706069360151,-6.222083639388084,0.0,0.0,0.00017064354041167418,0.0,0.0,-6.564300644984567,20.5794109308,0.0,0.0,0.34221700559648305,0.0,0.00046890336665455,0.0,0.038182130153653,0.004439633016559419,-0.22465537754338843,0.0,0.0,0.0
1779.0,12.537154840486398,-6.22192822181096,0.0,0.0,0.0001687088692014636,0.0,0.0,-6.564130965580055,20.5794109308,0.0,0.0,0.34220274376909465,0.0,0.0004635836932652046,0.0,0.03818133383917679,0.004441556680887165,-0.22465121581582115,0.0,0.0,0.0
1780.0,12.537249248287033,-6.221774868213586,0.0,0.0,0.00016673584811275548,0.0,0.0,-6.563963240029532,20.5794109308,0.0,0.0,0.3421883718159453,0.0,0.00045815871198933355,0.0,0.03818054776049122,0.004443450186313855,-0.22464709719113246,0.0,0.0,0.0
1781.0,12.537343903273669,-6.221623615222425,0.0,0.0,0.00016472457457210045,0.0,0.0,-6.563797506634721,20.5794109308,0.0,0.0,0.3421738914122958,0.0,0.0004526286937480517,0.0,0.03817977210336213,0.0044453130537442515,-0.22464302258215035,0.0,0.0,0.0
1782.0,12.537438791597035,-6.2214744993359785,0.0,0.0,0.00016267515271761772,0.0,0.0,-6.5636338035965665,20.5794109308,0.0,0.0,0.34215930426058794,0.0,0.00044699392788884483,0.0,0.03817900705294442,0.004447144806262654,-0.2246389928998519,0.0,0.0,0.0
1783.0,12.537533899289876,-6.221327556918184,0.0,0.0,0.00016058769342058938,0.0,0.0,-6.5634721690085085,20.5794109308,0.0,0.0,0.34214461209032443,0.0,0.0004412547222426772,0.0,0.03817825279374875,0.004448944969222088,-0.22463500905320574,0.0,0.0,0.0
1784.0,12.537629212268515,-6.221182824191795,0.0,0.0,0.00015846231430610241,0.0,0.0,-6.56331264084974,20.5794109308,0.0,0.0,0.3421298166579456,0.0,0.00043541140317847153,0.0,0.03817750950960824,0.004450713070333415,-0.22463107194901444,0.0,0.0,0.0
1785.0,12.53772471633444,-6.221040337231739,0.0,0.0,0.0001562991397727361,0.0,0.0,-6.563155256978445,20.5794109308,0.0,0.0,0.34211491974670594,0.0,0.000429464315654953,0.0,0.03817677738364493,0.004452448639754997,-0.2246271824917559,0.0,0.0,0.0
1786.0,12.53782039717593,-6.220900131958473,0.0,0.0,0.00015409830101128407,0.0,0.0,-6.563000055125013,20.5794109308,0.0,0.0,0.3420999231665398,0.0,0.0004234138232698314,0.0,0.03817605659823629,0.004454151210182,-0.2246233415834243,0.0,0.0,0.0
1787.0,12.537916240369697,-6.220762244131314,0.0,0.0,0.00015185993602249778,0.0,0.0,-6.562847072885241,20.5794109308,0.0,0.0,0.34208482875392665,0.0,0.0004172603083062859,0.0,0.0381753473349816,0.004455820316936268,-0.22461955012337081,0.0,0.0,0.0
1788.0,12.53801223138256,-6.220626709341767,0.0,0.0,0.0001495841896338537,0.0,0.0,-6.56269634771351,20.5794109308,0.0,0.0,0.3420696383717434,0.0,0.0004110041717767588,0.0,0.03817464977466832,0.004457455498055832,-0.22461580900814343,0.0,0.0,0.0
1789.0,12.538108355573149,-6.220493563006835,0.0,0.0,0.00014727121351532668,0.0,0.0,-6.562547916915959,20.5794109308,0.0,0.0,0.3420543539091234,0.0,0.0004046458334640132,0.0,0.0381739640972383,0.004459056294384908,-0.22461211913132667,0.0,0.0,0.0
1790.0,12.538204598193637,-6.2203628403623235,0.0,0.0,0.0001449211661941673,0.0,0.0,-6.562401817643623,20.5794109308,0.0,0.0,0.34203897728129995,0.0,0.00039818573195944906,0.0,0.03817329048175405,0.004460622249663662,-0.22460848138338074,0.0,0.0,0.0
1791.0,12.53830094439149,-6.22023457645613,0.0,0.0,0.00014253421306866703,0.0,0.0,-6.562258086885581,20.5794109308,0.0,0.0,0.3420235104294509,0.0,0.00039162432469863536,0.0,0.03817262910636483,0.004462152910618258,-0.22460489665148003,0.0,0.0,0.0
1792.0,12.538397379211258,-6.220108806141535,0.0,0.0,0.00014011052642092187,0.0,0.0,-6.56211676146207,20.5794109308,0.0,0.0,0.3420079553205353,0.0,0.0003849620879940874,0.0,0.03817198014827284,0.004463647827050707,-0.22460136581935183,0.0,0.0,0.0
1793.0,12.538493887596381,-6.219985564070473,0.0,0.0,0.00013765028542856307,0.0,0.0,-6.561977878017598,20.5794109308,0.0,0.0,0.3419923139471246,0.0,0.0003781995170652068,0.0,0.03817134378369919,0.004465106551928888,-0.22459788976711384,0.0,0.0,0.0
1794.0,12.538590454391032,-6.219864884686811,0.0,0.0,0.00013515367617546276,0.0,0.0,-6.561841473014043,20.5794109308,0.0,0.0,0.3419765883272321,0.0,0.00037133712606540547,0.0,0.03817072018785005,0.004466528641476619,-0.22459446937111208,0.0,0.0,0.0
1795.0,12.538687064341982,-6.2197468022196105,0.0,0.0,0.0001326208916614049,0.0,0.0,-6.561707582723744,20.5794109308,0.0,0.0,0.3419607805041336,0.0,0.0003643754481063895,0.0,0.03817010953488253,0.004467913655263611,-0.22459110550375813,0.0,0.0,0.0
1796.0,12.538783702100487,-6.2196313506763925,0.0,0.0,0.00013005213181071297,0.0,0.0,-6.561576243222577,20.5794109308,0.0,0.0,0.3419448925461843,0.0,0.00035731503527958034,0.0,0.03816951199787075,0.004469261156295368,-0.22458779903336615,0.0,0.0,0.0
1797.0,12.538880352224211,-6.219518563836396,0.0,0.0,0.00012744760347982282,0.0,0.0,-6.561447490383027,20.5794109308,0.0,0.0,0.34192892654663076,0.0,0.0003501564586746435,0.0,0.038168927748771724,0.004470570711103225,-0.2245845508239895,0.0,0.0,0.0
1798.0,12.538976999179175,-6.219408475243836,0.0,0.0,0.0001248075204638038,0.0,0.0,-6.561321359867256,20.5794109308,0.0,0.0,0.3419128846234205,0.0,0.0003429003083951349,0.0,0.03816835695839134,0.004471841889834294,-0.22458136173525733,0.0,0.0,0.0
1799.0,12.53907362734172,-6.2193011182011615,0.0,0.0,0.0001221321035018103,0.0,0.0,-6.561197887120159,20.5794109308,0.0,0.0,0.3418967689189971,0.0,0.00033554719357121624,0.0,0.03816779979635028,0.00447307426634104,-0.22457823262221085,0.0,0.0,0.0
1800.0,12.539170221000509,-6.219196525762311,0.0,0.0,0.00011942158028146259,0.0,0.0,-6.561077107362416,20.5794109308,0.0,0.0,0.3418805816001047,0.0,0.0003280977423694406,0.0,0.03816725643104989,0.00447426741827138,-0.22457516433513924,0.0,0.0,0.0
1801.0,12.539266764358551,-6.219094730725972,0.0,0.0,0.00011667618544215411,0.0,0.0,-6.560959055583546,20.5794109308,0.0,0.0,0.3418643248575739,0.0,0.0003205526019995977,0.0,0.03816672702963819,0.004475420927158039,-0.22457215771941574,0.0,0.0,0.0
1802.0,12.539363241535252,-6.218995765628842,0.0,0.0,0.00011389616057726884,0.0,0.0,-6.560843766534951,20.5794109308,0.0,0.0,0.34184800090610956,0.0,0.00031291243871857985,0.0,0.038166211757975715,0.004476534378508312,-0.22456921361533339,0.0,0.0,0.0
1803.0,12.539459636568486,-6.218899662738888,0.0,0.0,0.00011108175423531016,0.0,0.0,-6.560731274722961,20.5794109308,0.0,0.0,0.3418316119840732,0.0,0.0003051779378312714,0.0,0.038165710780601485,0.004477607361893385,-0.2245663328579403,0.0,0.0,0.0
1804.0,12.539555933416697,-6.218806454048623,0.0,0.0,0.00010823322191993194,0.0,0.0,-6.5606216144018825,20.5794109308,0.0,0.0,0.3418151603532591,0.0,0.000297349803688439,0.0,0.03816522426069899,0.004478639471037632,-0.22456351627687582,0.0,0.0,0.0
1805.0,12.53965211596103,-6.218716171268375,0.0,0.0,0.00010535082608886719,0.0,0.0,-6.560514819567038,20.5794109308,0.0,0.0,0.3417986482986626,0.0,0.0002894287596816098,0.0,0.03816475236006208,0.0044796303039078,-0.22456076469620534,0.0,0.0,0.0
1806.0,12.539748168007472,-6.218628845819567,0.0,0.0,0.00010243483615174398,0.0,0.0,-6.560410923947817,20.5794109308,0.0,0.0,0.3417820781282499,0.0,0.00028141554823491393,0.0,0.03816429523906108,0.00448057946280199,-0.22455807893425614,0.0,0.0,0.0
1807.0,12.539844073289041,-6.218544508828009,0.0,0.0,9.94855284667932e-05,0.0,0.0,-6.560309961000727,20.5794109308,0.0,0.0,0.3417654521727185,0.0,0.0002733109307939022,0.0,0.038163853056608715,0.00448148655443846,-0.22455545980345257,0.0,0.0,0.0
1808.0,12.539939815467974,-6.218463191117193,0.0,0.0,9.650318633642736e-05,0.0,0.0,-6.560211963902442,20.5794109308,0.0,0.0,0.34174877278524907,0.0,0.000265115687811286,0.0,0.03816342597012627,0.004482351190044115,-0.22455290811015155,0.0,0.0,0.0
1809.0,12.540035378137961,-6.2183849232016035,0.0,0.0,9.348810000169579e-05,0.0,0.0,-6.560116965542866,20.5794109308,0.0,0.0,0.3417320423412624,0.0,0.00025683061872961387,0.0,0.038163014135509654,0.00448317298544304,-0.224550424654478,0.0,0.0,0.0
1810.0,12.54013074482639,-6.218309735280032,0.0,0.0,9.04405666356105e-05,0.0,0.0,-6.560024998518193,20.5794109308,0.0,0.0,0.3417152632381608,0.0,0.00024845654196087227,0.0,0.03816261770709558,0.004483951561144617,-0.2245480102301602,0.0,0.0,0.0
1811.0,12.540225898996622,-6.218237657228913,0.0,0.0,8.736089033533102e-05,0.0,0.0,-6.559936095123983,20.5794109308,0.0,0.0,0.3416984378950696,0.0,0.0002399942948629784,0.0,0.03816223683762781,0.004484686542431324,-0.22454566562436562,0.0,0.0,0.0
1812.0,12.540320824050292,-6.218168718595665,0.0,0.0,8.424938211320741e-05,0.0,0.0,-6.559850287348239,20.5794109308,0.0,0.0,0.34168156875257427,0.0,0.0002314447337131664,0.0,0.038161871678223394,0.004485377559446613,-0.22454339161753642,0.0,0.0,0.0
1813.0,12.540415503329621,-6.21810294859205,0.0,0.0,8.110635988667532e-05,0.0,0.0,-6.559767606864501,20.5794109308,0.0,0.0,0.3416646582724505,0.0,0.00022280873367824984,0.0,0.03816152237833907,0.004486024247282172,-0.2245411889832254,0.0,0.0,0.0
1814.0,12.54050992011977,-6.21804037608755,0.0,0.0,7.793214846700154e-05,0.0,0.0,-6.55968808502494,20.5794109308,0.0,0.0,0.3416477089373906,0.0,0.00021408718878175904,0.0,0.038161189085737686,0.004486626246064926,-0.22453905848793188,0.0,0.0,0.0
1815.0,12.540604057651205,-6.217981029602755,0.0,0.0,7.47270795468685e-05,0.0,0.0,-6.559611752853477,20.5794109308,0.0,0.0,0.34163072325072186,0.0,0.00020528101186792296,0.0,0.03816087194645463,0.004487183201044076,-0.22453700089093798,0.0,0.0,0.0
1816.0,12.540697899102081,-6.217924937302777,0.0,0.0,7.149149168679756e-05,0.0,0.0,-6.559538641038903,20.5794109308,0.0,0.0,0.341613703736126,0.0,0.00019639113456249667,0.0,0.0381605711047645,0.004487694762677352,-0.22453501694414513,0.0,0.0,0.0
1817.0,12.540791427600666,-6.217872126990674,0.0,0.0,6.822573030040842e-05,0.0,0.0,-6.559468779928022,20.5794109308,0.0,0.0,0.34159665293734776,0.0,0.00018741850723042844,0.0,0.038160286703147736,0.0044881605867173185,-0.2245331073919105,0.0,0.0,0.0
1818.0,12.540884626227768,-6.217822626100902,0.0,0.0,6.493014763850521e-05,0.0,0.0,-6.559402199518803,20.5794109308,0.0,0.0,0.341579573417901,0.0,0.0001783640989303428,0.0,0.03816001888225741,0.0044885803342971375,-0.2245312729708842,0.0,0.0,0.0
1819.0,12.5409774780192,-6.217776461692783,0.0,0.0,6.160510277198762e-05,0.0,0.0,-6.5593389294535545,20.5794109308,0.0,0.0,0.34156246776077115,0.0,0.00016922889736583613,0.0,0.03815976778088606,0.004488953672015808,-0.2245295144098464,0.0,0.0,0.0
1820.0,12.541069965968251,-6.217733660444001,0.0,0.0,5.825096157358598e-05,0.0,0.0,-6.559278999012111,20.5794109308,0.0,0.0,0.3415453385681104,0.0,0.00016001390883358361,0.0,0.038159533535932745,0.004489280272023527,-0.22452783242954483,0.0,0.0,0.0
1821.0,12.541162073028199,-6.217694248644113,0.0,0.0,5.486809669841073e-05,0.0,0.0,-6.559222437105041,20.5794109308,0.0,0.0,0.34152818846092803,0.0,0.00015072015816823257,0.0,0.03815931628237005,0.004489559812106136,-0.22452622774253295,0.0,0.0,0.0
1822.0,12.54125378211482,-6.217658252188096,0.0,0.0,5.1456887563316215e-05,0.0,0.0,-6.5591692722668755,20.5794109308,0.0,0.0,0.3415110200787792,0.0,0.0001413486886840844,0.0,0.03815911615321134,0.004489791975769375,-0.2245247010530081,0.0,0.0,0.0
1823.0,12.541345076108945,-6.217625696569912,0.0,0.0,4.801772032507645e-05,0.0,0.0,-6.5591195326493565,20.5794109308,0.0,0.0,0.3414938360794446,0.0,0.0001319005621135589,0.0,0.03815893327947811,0.0044899764523227415,-0.22452325305665022,0.0,0.0,0.0
1824.0,12.541435937859013,-6.217596606876101,0.0,0.0,4.455098785736522e-05,0.0,0.0,-6.55907324601471,20.5794109308,0.0,0.0,0.3414766391386088,0.0,0.00012237685854242294,0.0,0.038158767790167435,0.004490112936962845,-0.22452188444046117,0.0,0.0,0.0
1825.0,12.54152635018367,-6.217571007779407,0.0,0.0,4.105708972654131e-05,0.0,0.0,-6.559030439728938,20.5794109308,0.0,0.0,0.34145943194953077,0.0,0.00011277867634178627,0.0,0.03815861981221956,0.004490201130856325,-0.2245205958826043,0.0,0.0,0.0
1826.0,12.541616295874357,-6.217548923532429,0.0,0.0,3.7536432166231256e-05,0.0,0.0,-6.558991140755141,20.5794109308,0.0,0.0,0.3414422172227116,0.0,0.00010310713209684545,0.0,0.038158489470485654,0.004490240741222257,-0.22451938805224464,0.0,0.0,0.0
1827.0,12.541705757697951,-6.217530377961305,0.0,0.0,3.398942805071372e-05,0.0,0.0,-6.558955375646864,20.5794109308,0.0,0.0,0.341424997685559,0.0,9.33633605323886e-05,0.0,0.03815837688769574,0.004490231481414073,-0.22451826160938942,0.0,0.0,0.0
1828.0,12.541794718399398,-6.217515394459427,0.0,0.0,3.0416496867095544e-05,0.0,0.0,-6.558923170541469,20.5794109308,0.0,0.0,0.3414077760820424,0.0,8.354851443503531e-05,0.0,0.03815828218442669,0.004490173071001066,-0.22451721720472972,0.0,0.0,0.0
1829.0,12.541883160704389,-6.217503995981188,0.0,0.0,2.6818064686282667e-05,0.0,0.0,-6.558894551153536,20.5794109308,0.0,0.0,0.34139055517234773,0.0,7.366376457222155e-05,0.0,0.03815820547907046,0.004490065235849272,-0.22451625547948173,0.0,0.0,0.0
1830.0,12.54197106732203,-6.217496205035769,0.0,0.0,2.3194564132736607e-05,0.0,0.0,-6.558869542768294,20.5794109308,0.0,0.0,0.34137333773252454,0.0,6.371029960790608e-05,0.0,0.03815814688780246,0.004489907708201818,-0.22451537706522962,0.0,0.0,0.0
1831.0,12.542058420947555,-6.217492043680952,0.0,0.0,1.9546434353023894e-05,0.0,0.0,-6.558848170235085,20.5794109308,0.0,0.0,0.3413561265541327,0.0,5.368932601501944e-05,0.0,0.03815810652455013,0.004489700226758694,-0.22451458258376844,0.0,0.0,0.0
1832.0,12.542145204265038,-6.217491533516977,0.0,0.0,1.5874120983145608e-05,0.0,0.0,-6.558830457960856,20.5794109308,0.0,0.0,0.34133892444387914,0.0,4.36020679846221e-05,0.0,0.038158084500961593,0.0044894425367561636,-0.22451387264694794,0.0,0.0,0.0
1833.0,12.542231399950138,-6.217494695680435,0.0,0.0,1.2178076114655727e-05,0.0,0.0,-6.55881642990369,20.5794109308,0.0,0.0,0.3413217342232544,0.0,3.3449767331796937e-05,0.0,0.03815808092637468,0.004489134390045307,-0.22451324785651688,0.0,0.0,0.0
1834.0,12.542316990672848,-6.2175015508382,0.0,0.0,8.458758259556294e-06,0.0,0.0,-6.55880610956636,20.5794109308,0.0,0.0,0.3413045587281598,0.0,2.3233683398244393e-05,0.0,0.038158095907785905,0.0044887755451700345,-0.22451270880396834,0.0,0.0,0.0
1835.0,12.542401959100275,-6.2175121191814,0.0,0.0,4.716632313977547e-06,0.0,0.0,-6.558799519989938,20.5794109308,0.0,0.0,0.3412874008085378,0.0,1.2955092951604186e-05,0.0,0.03815812954981985,0.004488365767444644,-0.22451225607038555,0.0,0.0,0.0
1836.0,12.542486287899424,-6.2175264204194285,0.0,0.0,9.521695206328492e-07,0.0,0.0,-6.558796683747419,20.5794109308,0.0,0.0,0.34127026332799026,0.0,2.6152900814767623e-06,0.0,0.03815818195469863,0.004487904829030651,-0.22451189022628867,0.0,0.0,0.0
1837.0,12.542569959740007,-6.217544473774003,0.0,0.0,-2.8341525699462553e-06,0.0,0.0,-6.558797622937399,20.5794109308,0.0,0.0,0.34125314916339544,0.0,-7.784413907839378e-06,0.0,0.03815825322221159,0.004487392509012797,-0.22451161183148224,0.0,0.0,0.0
1838.0,12.542652957297266,-6.217566297973266,0.0,0.0,-6.641850139398592e-06,0.0,0.0,-6.558802359177787,20.5794109308,0.0,0.0,0.3412360612045209,0.0,-1.824269060790363e-05,0.0,0.03815834344968528,0.004486828593474601,-0.22451142143490369,0.0,0.0,0.0
1839.0,12.542735263254814,-6.217591911245925,0.0,0.0,-1.0470433142746858e-05,0.0,0.0,-6.558810913599557,20.5794109308,0.0,0.0,0.34121900235363256,0.0,-2.8758194619984887e-05,0.0,0.03815845273195352,0.004486212875573312,-0.22451131957447232,0.0,0.0,0.0
1840.0,12.542816860307486,-6.217621331315444,0.0,0.0,-1.431940535083423e-05,0.0,0.0,-6.558823306840542,20.5794109308,0.0,0.0,0.3412019755250979,0.0,-3.932956367220257e-05,0.0,0.03815858116132782,0.004485545155613904,-0.22451130677693965,0.0,0.0,0.0
1841.0,12.54289773116421,-6.2176545753942865,0.0,0.0,-1.8188264393990004e-05,0.0,0.0,-6.558839559039271,20.5794109308,0.0,0.0,0.3411849836449843,0.0,-4.995541873997223e-05,0.0,0.03815872882756798,0.004484825241122384,-0.22451138355774053,0.0,0.0,0.0
1842.0,12.542977858550891,-6.217691660178196,0.0,0.0,-2.2076501806917847e-05,0.0,0.0,-6.558859689828853,20.5794109308,0.0,0.0,0.34116802965065673,0.0,-6.063436416973678e-05,0.0,0.0381588958178529,0.004484052946918726,-0.22451155042084497,0.0,0.0,0.0
1843.0,12.543057225213312,-6.217732601840536,0.0,0.0,-2.5983603074808427e-05,0.0,0.0,-6.558883718330902,20.5794109308,0.0,0.0,0.3411511164903658,0.0,-7.136498780598741e-05,0.0,0.03815908221675169,0.004483228095188557,-0.2245118078586112,0.0,0.0,0.0
1844.0,12.54313581392004,-6.217777416026675,0.0,0.0,-2.9909047680685034e-05,0.0,0.0,-6.558911663149514,20.5794109308,0.0,0.0,0.3411342471228389,0.0,-8.214586112159654e-05,0.0,0.03815928810619498,0.0044823505155545396,-0.22451215635163974,0.0,0.0,0.0
1845.0,12.543213607465361,-6.2178261178484275,0.0,0.0,-3.3852309153964026e-05,0.0,0.0,-6.558943542365285,20.5794109308,0.0,0.0,0.3411174245168578,0.0,-9.297553935141189e-05,0.0,0.03815951356544654,0.004481420045146567,-0.22451259636862864,0.0,0.0,0.0
1846.0,12.543290588672216,-6.217878721878543,0.0,0.0,-3.7812855120250295e-05,0.0,0.0,-6.558979373529385,20.5794109308,0.0,0.0,0.3411006516508417,0.0,-0.00010385256162916628,0.0,0.03815975867107511,0.004480436528671541,-0.22451312836622922,0.0,0.0,0.0
1847.0,12.54336674039515,-6.217935242145258,0.0,0.0,-4.179014735235366e-05,0.0,0.0,-6.559019173657679,20.5794109308,0.0,0.0,0.34108393151242034,0.0,-0.00011477545112766352,0.0,0.0381600234969265,0.004479399818482055,-0.2245137527889037,0.0,0.0,0.0
1848.0,12.543442045523284,-6.217995692126894,0.0,0.0,-4.578364182252533e-05,0.0,0.0,-6.5590629592248995,20.5794109308,0.0,0.0,0.3410672670980057,0.0,-0.00012574271520223687,0.0,0.03816030811409604,0.004478309774644515,-0.2245144700687834,0.0,0.0,0.0
1849.0,12.543516486983282,-6.218060084746518,0.0,0.0,-4.979278875592487e-05,0.0,0.0,-6.559110746158875,20.5794109308,0.0,0.0,0.34105066141235696,0.0,-0.00013675284553750817,0.0,0.03816061259090121,0.0044771662650060495,-0.22451528062552822,0.0,0.0,0.0
1850.0,12.54359004774235,-6.218128432366662,0.0,0.0,-5.381703268530056e-05,0.0,0.0,-6.559162549834806,20.5794109308,0.0,0.0,0.34103411746814416,0.0,-0.0001478043182973996,0.0,0.03816093699285461,0.004475969165261023,-0.22451618486618763,0.0,0.0,0.0
1851.0,12.543662710811232,-6.218200746784095,0.0,0.0,-5.7855812506897627e-05,0.0,0.0,-6.559218385069604,20.5794109308,0.0,0.0,0.3410176382855088,0.0,-0.0001588955942784372,0.0,0.03816128138263724,0.004474718359016389,-0.22451718318506228,0.0,0.0,0.0
1852.0,12.543734459247213,-6.218277039224665,0.0,0.0,-6.190856153757907e-05,0.0,0.0,-6.559278266116284,20.5794109308,0.0,0.0,0.3410012268916187,0.0,-0.00017002511906630328,0.0,0.038161645820072,0.004473413737856119,-0.22451827596356747,0.0,0.0,0.0
1853.0,12.543805276157153,-6.218357320338192,0.0,0.0,-6.597470757316857e-05,0.0,0.0,-6.559342206658409,20.5794109308,0.0,0.0,0.34098488632021695,0.0,-0.0001811913231956633,0.0,0.03816203036209759,0.0044720552014049925,-0.2245194635700975,0.0,0.0,0.0
1854.0,12.543875144700506,-6.218441600193431,0.0,0.0,-7.00536729480045e-05,0.0,0.0,-6.559410219804604,20.5794109308,0.0,0.0,0.3409686196111723,0.0,-0.00019239262231323618,0.0,0.038162435062742646,0.004470642657391194,-0.2245207463598915,0.0,0.0,0.0
1855.0,12.543944048092365,-6.218529888273098,0.0,0.0,-7.414487459570944e-05,0.0,0.0,-6.559482318083122,20.5794109308,0.0,0.0,0.3409524298100237,0.0,-0.0002036274173441197,0.0,0.038162859973100254,0.004469176021708196,-0.22452212467490038,0.0,0.0,0.0
1856.0,12.544011969606515,-6.218622193468957,0.0,0.0,-7.82477241111706e-05,0.0,0.0,-6.5595585134364764,20.5794109308,0.0,0.0,0.3409363199675193,0.0,-0.00021489409466135778,0.0,0.03816330514130272,0.004467655218475516,-0.2245235988436556,0.0,0.0,0.0
1857.0,12.544078892578481,-6.218718524076977,0.0,0.0,-8.236162781372626e-05,0.0,0.0,-6.559638817216132,20.5794109308,0.0,0.0,0.3409202931391544,0.0,-0.0002261910262587356,0.0,0.03816377061249671,0.004466080180098697,-0.2245251691811388,0.0,0.0,0.0
1858.0,12.544144800408603,-6.218818887792555,0.0,0.0,-8.648598681155968e-05,0.0,0.0,-6.55972324017726,20.5794109308,0.0,0.0,0.3409043523847055,0.0,-0.00023751656992680611,0.0,0.038164256428818724,0.004464450847328105,-0.22452683598865308,0.0,0.0,0.0
1859.0,12.544209676565103,-6.2189232917058055,0.0,0.0,-9.062019706729548e-05,0.0,0.0,-6.559811792473564,20.5794109308,0.0,0.0,0.34088850076775845,0.0,-0.0002488690694321341,0.0,0.0381647626293709,0.004462767169316928,-0.22452859955369597,0.0,0.0,0.0
1860.0,12.544273504587169,-6.219031742296925,0.0,0.0,-9.476364946479481e-05,0.0,0.0,-6.559904483652164,20.5794109308,0.0,0.0,0.3408727413552395,0.0,-0.00026024685469974685,0.0,0.03816528925019713,0.0044610291036780575,-0.22453046014983338,0.0,0.0,0.0
1861.0,12.54433626808804,-6.219144245431619,0.0,0.0,-9.89157298771472e-05,0.0,0.0,-6.560001322648553,20.5794109308,0.0,0.0,0.3408570772169339,0.0,-0.00027164824199878547,0.0,0.03816583632425961,0.0044592366165399355,-0.22453241803657542,0.0,0.0,0.0
1862.0,12.544397950758103,-6.219260806356611,0.0,0.0,-0.00010307581923585324,0.0,0.0,-6.560102317781621,20.5794109308,0.0,0.0,0.34084151142501007,0.0,-0.00028307153413134086,0.0,0.03816640388141564,0.004457389682601509,-0.22453447345925379,0.0,0.0,0.0
1863.0,12.54445853636799,-6.219381429695215,0.0,0.0,-0.00010724329360120033,0.0,0.0,-6.560207476748747,20.5794109308,0.0,0.0,0.3408260470535325,0.0,-0.0002945150206244799,0.0,0.038166991948394915,0.004455488285185938,-0.22453662664890026,0.0,0.0,0.0
1864.0,12.544518008771684,-6.219506119442985,0.0,0.0,-0.00011141752423382128,0.0,0.0,-6.560316806620965,20.5794109308,0.0,0.0,0.3408106871779797,0.0,-0.000305976977925434,0.0,0.03816760054877704,0.004453532416293371,-0.22453887782212742,0.0,0.0,0.0
1865.0,12.544576351909623,-6.219634878963445,0.0,0.0,-0.00011559787766743435,0.0,0.0,-6.5604303138382,20.5794109308,0.0,0.0,0.34079543487475483,0.0,-0.00031745566959994576,0.0,0.038168229702969514,0.004451522076652545,-0.22454122718101055,0.0,0.0,0.0
1866.0,12.544633549811824,-6.219767710983888,0.0,0.0,-0.00011978371578275773,0.0,0.0,-6.560548004204578,20.5794109308,0.0,0.0,0.34078029322069003,0.0,-0.0003289493465337539,0.0,0.03816887942818611,0.004449457275771465,-0.2245436749129713,0.0,0.0,0.0
1867.0,12.544689586600992,-6.219904617591256,0.0,0.0,-0.00012397439588259936,0.0,0.0,-6.56066988288381,20.5794109308,0.0,0.0,0.34076526529255435,0.0,-0.00034045624713722084,0.0,0.038169549738425526,0.004447338031986756,-0.22454622119066298,0.0,0.0,0.0
1868.0,12.544744446495644,-6.220045600228101,0.0,0.0,-0.00012816927076811455,0.0,0.0,-6.560795954394655,20.5794109308,0.0,0.0,0.34075035416655375,0.0,-0.00035197459755308055,0.0,0.038170240644450584,0.0044451643725120366,-0.22454886617185776,0.0,0.0,0.0
1869.0,12.544798113813236,-6.220190659688617,0.0,0.0,-0.00013236768881622258,0.0,0.0,-6.560926222606449,20.5794109308,0.0,0.0,0.3407355629178319,0.0,-0.00036350261186728235,0.0,0.038170952153767694,0.004442936333485026,-0.22455160999933538,0.0,0.0,0.0
1870.0,12.544850572973285,-6.220339796114764,0.0,0.0,-0.00013656899405818586,0.0,0.0,-6.561060690734732,20.5794109308,0.0,0.0,0.3407208946199676,0.0,-0.00037503849232294257,0.0,0.038171684270606736,0.004440653960013738,-0.22455445280077357,0.0,0.0,0.0
1871.0,12.544901808500498,-6.220493008992467,0.0,0.0,-0.00014077252625933532,0.0,0.0,-6.561199361336931,20.5794109308,0.0,0.0,0.34070635234446467,0.0,-0.000386580429537358,0.0,0.03817243699590149,0.004438317306221226,-0.22455739468864055,0.0,0.0,0.0
1872.0,12.544951805027905,-6.2206502971478965,0.0,0.0,-0.00014497762099994934,0.0,0.0,-6.561342236308143,20.5794109308,0.0,0.0,0.3406919391602461,0.0,-0.0003981266027221015,0.0,0.038173210327270286,0.00443592643528927,-0.22456043576008908,0.0,0.0,0.0
1873.0,12.545000547299985,-6.22081165874384,0.0,0.0,-0.0001491836097572673,0.0,0.0,-6.5614893168769814,20.5794109308,0.0,0.0,0.3406776581331412,0.0,-0.000409675179906149,0.0,0.03817400425899716,0.0044334814195009925,-0.22456357609685246,0.0,0.0,0.0
1874.0,12.5450480201758,-6.220977091276153,0.0,0.0,-0.0001533898199886429,0.0,0.0,-6.561640603601526,20.5794109308,0.0,0.0,0.3406635123253725,0.0,-0.00042122431816205176,0.0,0.03817481878201349,0.004430982340282011,-0.22456681576514237,0.0,0.0,0.0
1875.0,12.545094208632124,-6.221146591570297,0.0,0.0,-0.00015759557521582152,0.0,0.0,-6.561796096365334,20.5794109308,0.0,0.0,0.34064950479503686,0.0,-0.0004327721638351116,0.0,0.03817565388387997,0.00442842928824054,-0.2245701548155486,0.0,0.0,0.0
1876.0,12.545139097766574,-6.221320155777963,0.0,0.0,-0.00016180019511034536,0.0,0.0,-6.561955794373555,20.5794109308,0.0,0.0,0.3406356385955913,0.0,-0.00044431685277557,0.0,0.038176509548769035,0.00442582236320635,-0.22457359328294074,0.0,0.0,0.0
1877.0,12.545182672800738,-6.221497779373792,0.0,0.0,-0.00016600299558007056,0.0,0.0,-6.562119696149121,20.5794109308,0.0,0.0,0.34062191677532905,0.0,-0.0004558565105737672,0.0,0.03817738575744779,0.0044231616742681085,-0.22457713118637174,0.0,0.0,0.0
1878.0,12.545224919083303,-6.221679457152171,0.0,0.0,-0.00017020328885679407,0.0,0.0,-6.562287799529024,20.5794109308,0.0,0.0,0.34060834237685267,0.0,-0.0004673892527982679,0.0,0.038178282487261316,0.00442044733980991,-0.22458076852898357,0.0,0.0,0.0
1879.0,12.545265822093178,-6.221865183224133,0.0,0.0,-0.00017440038358498535,0.0,0.0,-6.56246010166069,20.5794109308,0.0,0.0,0.3405949184365573,0.0,-0.0004789131852369386,0.0,0.03817919971211645,0.004417679487546219,-0.22458450529791468,0.0,0.0,0.0
1880.0,12.54530536744262,-6.222054951014337,0.0,0.0,-0.0001785935849116072,0.0,0.0,-6.562636598998432,20.5794109308,0.0,0.0,0.34058164798409507,0.0,-0.0004904264041409361,0.0,0.03818013740246605,0.004414858254555648,-0.2245883414642098,0.0,0.0,0.0
1881.0,12.545343540880346,-6.222248753258148,0.0,0.0,-0.00018278219457703158,0.0,0.0,-6.562817287299997,20.5794109308,0.0,0.0,0.34056853404184917,0.0,-0.0005019269964716223,0.0,0.03818109552529364,0.004411983787313362,-0.2245922769827315,0.0,0.0,0.0
1882.0,12.545380328294652,-6.222446581998808,0.0,0.0,-0.0001869655110070288,0.0,0.0,-6.56300216162321,20.5794109308,0.0,0.0,0.34055557962440197,0.0,-0.0005134130401503492,0.0,0.03818207404409864,0.004409056241722317,-0.22459631179207387,0.0,0.0,0.0
1883.0,12.545415715716526,-6.222648428584701,0.0,0.0,-0.00019114282940583153,0.0,0.0,-6.563191216322702,20.5794109308,0.0,0.0,0.3405427877380012,0.0,-0.0005248826043111162,0.0,0.038183072918881976,0.004406075783142935,-0.22460044581447855,0.0,0.0,0.0
1884.0,12.545449689322748,-6.22285428366671,0.0,0.0,-0.00019531344185026332,0.0,0.0,-6.5633844450467365,20.5794109308,0.0,0.0,0.3405301613800269,0.0,-0.0005363337495560755,0.0,0.038184092106132175,0.00440304258642174,-0.22460467895575248,0.0,0.0,0.0
1885.0,12.54548223543899,-6.22306413719568,0.0,0.0,-0.0001994766373849192,0.0,0.0,-6.563581840734131,20.5794109308,0.0,0.0,0.3405177035384517,0.0,-0.0005477645282138494,0.0,0.038185131558812,0.004399956835918248,-0.22460901110518827,0.0,0.0,0.0
1886.0,12.545513340542918,-6.223277978419966,0.0,0.0,-0.000203631702118399,0.0,0.0,-6.563783395611271,20.5794109308,0.0,0.0,0.3405054171913049,0.0,-0.0005591729846006652,0.0,0.03818619122634551,0.004396818725530938,-0.22461344213548648,0.0,0.0,0.0
1887.0,12.545542991267267,-6.223495795883092,0.0,0.0,-0.00020777791932057385,0.0,0.0,-6.563989101189222,20.5794109308,0.0,0.0,0.3404933053061301,0.0,-0.0005705571552842546,0.0,0.03818727105460565,0.00439362845872146,-0.22461797190267993,0.0,0.0,0.0
1888.0,12.54557117440293,-6.223717577421495,0.0,0.0,-0.00021191456952088624,0.0,0.0,-6.564198948260941,20.5794109308,0.0,0.0,0.34048137083944585,0.0,-0.0005819150693505173,0.0,0.03818837098590232,0.004390386248537728,-0.2246226002460608,0.0,0.0,0.0
1889.0,12.54559787690203,-6.223943310162385,0.0,0.0,-0.00021604093060766677,0.0,0.0,-6.564412926898587,20.5794109308,0.0,0.0,0.34046961673620224,0.0,-0.0005932447486729085,0.0,0.03818949095897094,0.004387092317635385,-0.22462732698810944,0.0,0.0,0.0
1890.0,12.54562308588098,-6.224172980521692,0.0,0.0,-0.00022015627792846553,0.0,0.0,-6.564631026450928,20.5794109308,0.0,0.0,0.34045804592923634,0.0,-0.0006045442081845429,0.0,0.03819063090896152,0.004383746898298083,-0.22463215193442565,0.0,0.0,0.0
1891.0,12.545646788623536,-6.224406574202122,0.0,0.0,-0.00022425988439138186,0.0,0.0,-6.564853235540851,20.5794109308,0.0,0.0,0.3404466613387287,0.0,-0.0006158114561529712,0.0,0.038191790767428326,0.004380350232456115,-0.2246370748736624,0.0,0.0,0.0
1892.0,12.545668972583854,-6.22464407619132,0.0,0.0,-0.00022835102056738705,0.0,0.0,-6.565079542062974,20.5794109308,0.0,0.0,0.3404354658716535,0.0,-0.0006270444944576194,0.0,0.03819297046231989,0.004376902571703797,-0.2246420955774617,0.0,0.0,0.0
1893.0,12.545689625389516,-6.2248854707601255,0.0,0.0,-0.00023242895479363092,0.0,0.0,-6.56530993318136,20.5794109308,0.0,0.0,0.34042446242123425,0.0,-0.0006382413188698649,0.0,0.03819416991796969,0.004373404177315257,-0.22464721380039293,0.0,0.0,0.0
1894.0,12.545708734844558,-6.225130741460941,0.0,0.0,-0.00023649295327771524,0.0,0.0,-6.565544395327336,20.5794109308,0.0,0.0,0.34041365386639555,0.0,-0.0006493999193357039,0.0,0.038195389055087306,0.004369855320258895,-0.22465242927989337,0.0,0.0,0.0
1895.0,12.545726288932485,-6.225379871126207,0.0,0.0,-0.0002405422802029319,0.0,0.0,-6.565782914197417,20.5794109308,0.0,0.0,0.34040304307120994,0.0,-0.0006605182802610081,0.0,0.03819662779075009,0.004366256281210207,-0.22465774173621145,0.0,0.0,0.0
1896.0,12.545742275819276,-6.22563284186698,0.0,0.0,-0.0002445761978344501,0.0,0.0,-6.566025474751331,20.5794109308,0.0,0.0,0.3403926328843516,0.0,-0.0006715943807993287,0.0,0.0381978860383954,0.004362607350563305,-0.22466315087235222,0.0,0.0,0.0
1897.0,12.545756683856368,-6.225889635071614,0.0,0.0,-0.000248593966626444,0.0,0.0,-6.566272061210158,20.5794109308,0.0,0.0,0.34038242613854397,0.0,-0.0006826261951422239,0.0,0.038199163707813316,0.004358908828440852,-0.22466865637402506,0.0,0.0,0.0
1898.0,12.54576950158364,-6.2261502314045645,0.0,0.0,-0.00025259484533014695,0.0,0.0,-6.5665226570545725,20.5794109308,0.0,0.0,0.340372425650008,0.0,-0.0006936116928120776,0.0,0.03820046070514002,0.004355161024702417,-0.22467425790959428,0.0,0.0,0.0
1899.0,12.545780717732375,-6.22641461080528,0.0,0.0,-0.0002565780911028246,0.0,0.0,-6.566777245023192,20.5794109308,0.0,0.0,0.3403626342179118,0.0,-0.0007045488389573861,0.0,0.03820177693285155,0.004351364258951565,-0.22467995513003208,0.0,0.0,0.0
1900.0,12.54579032122821,-6.2266827524872275,0.0,0.0,-0.00026054295961765373,0.0,0.0,-6.567035807111041,20.5794109308,0.0,0.0,0.3403530546238134,0.0,-0.0007154355946504824,0.0,0.03820311228975827,0.0043475188605410775,-0.22468574766887373,0.0,0.0,0.0
1901.0,12.545798301194074,-6.226954634937006,0.0,0.0,-0.0002644887051744932,0.0,0.0,-6.567298324568122,20.5794109308,0.0,0.0,0.3403436896311156,0.0,-0.0007262699171876589,0.0,0.03820446667099979,0.004343625168576948,-0.22469163514217566,0.0,0.0,0.0
1902.0,12.545804646953101,-6.2272302359135905,0.0,0.0,-0.00026841458081153946,0.0,0.0,-6.567564777898096,20.5794109308,0.0,0.0,0.34033454198450563,0.0,-0.000737049760391674,0.0,0.03820583996804047,0.004339683531920699,-0.22469761714847594,0.0,0.0,0.0
1903.0,12.54580934803155,-6.227509532447674,0.0,0.0,-0.0002723198384178485,0.0,0.0,-6.56783514685708,20.5794109308,0.0,0.0,0.340325614409406,0.0,-0.0007477730749165923,0.0,0.03820723206866557,0.004335694309190022,-0.22470369326875722,0.0,0.0,0.0
1904.0,12.545812394161679,-6.227792500841132,0.0,0.0,-0.00027620372884671983,0.0,0.0,-6.56810941045255,20.5794109308,0.0,0.0,0.3403169096114178,0.0,-0.0007584378085549487,0.0,0.03820864285697776,0.004331657868758165,-0.22470986306641272,0.0,0.0,0.0
1905.0,12.545813775284623,-6.2280791166665965,0.0,0.0,-0.0002800655020299215,0.0,0.0,-6.568387546942367,20.5794109308,0.0,0.0,0.34030843027577085,0.0,-0.000769041906547183,0.0,0.038210072213394515,0.004327574588751493,-0.2247161260872141,0.0,0.0,0.0
1906.0,12.54581348155325,-6.2283693547671435,0.0,0.0,-0.00028390440709274815,0.0,0.0,-6.568669533833911,20.5794109308,0.0,0.0,0.3403001790667677,0.0,-0.0007795833118933223,0.0,0.038211520014645756,0.004323444857045472,-0.22472248185928279,0.0,0.0,0.0
1907.0,12.545811503334996,-6.228663189256101,0.0,0.0,-0.0002877196924698982,0.0,0.0,-6.568955347883331,20.5794109308,0.0,0.0,0.3402921586272303,0.0,-0.0007900599656668799,0.0,0.03821298613377232,0.004319269071259194,-0.2247289298930633,0.0,0.0,0.0
1908.0,12.545807831214681,-6.228960593516965,0.0,0.0,-0.00029151060602215973,0.0,0.0,-6.5692449650949145,20.5794109308,0.0,0.0,0.34028437157794933,0.0,-0.0008004698073309391,0.0,0.03821447044012485,0.0043150476387483205,-0.22473546968129968,0.0,0.0,0.0
1909.0,12.545802455997315,-6.229261540203443,0.0,0.0,-0.0002952763951538814,0.0,0.0,-6.569538360720572,20.5794109308,0.0,0.0,0.34027682051712915,0.0,-0.0008108107750563637,0.0,0.038215972799363396,0.004310780976596124,-0.22474210069901426,0.0,0.0,0.0
1910.0,12.545795368710865,-6.229566001239602,0.0,0.0,-0.0002990163069312317,0.0,0.0,-6.56983550925944,20.5794109308,0.0,0.0,0.3402695080198379,0.0,-0.0008210808060421455,0.0,0.03821749307345753,0.004306469511603378,-0.22474882240348962,0.0,0.0,0.0
1911.0,12.545786560609024,-6.229873947820149,0.0,0.0,-0.0003027295882012137,0.0,0.0,-6.570136384457601,20.5794109308,0.0,0.0,0.3402624366374516,0.0,-0.0008312778368378001,0.0,0.038219031120687086,0.004302113680276123,-0.22475563423425282,0.0,0.0,0.0
1912.0,12.545776023173946,-6.230185350410815,0.0,0.0,-0.0003064154857114367,0.0,0.0,-6.5704409593079225,20.5794109308,0.0,0.0,0.3402556088971078,0.0,-0.0008413998036678195,0.0,0.03822058679564343,0.004297713928812272,-0.22476253561306272,0.0,0.0,0.0
1913.0,12.545763748118963,-6.23050017874887,0.0,0.0,-0.00031007324623062325,0.0,0.0,-6.570749206050024,20.5794109308,0.0,0.0,0.34024902730115425,0.0,-0.0008514446427581238,0.0,0.03822215994923147,0.004293270713086189,-0.2247695259438997,0.0,0.0,0.0
1914.0,12.545749727391275,-6.230818401843758,0.0,0.0,-0.00031370211666983624,0.0,0.0,-6.571061096170354,20.5794109308,0.0,0.0,0.34024269432659615,0.0,-0.0008614102906644736,0.0,0.03822375042867214,0.00428878449863182,-0.2247766046129589,0.0,0.0,0.0
1915.0,12.545733953174626,-6.231139987977839,0.0,0.0,-0.0003173013442044121,0.0,0.0,-6.571376600402392,20.5794109308,0.0,0.0,0.34023661242455283,0.0,-0.0008712946846028058,0.0,0.03822535807750557,0.0042842557606241755,-0.2247837709886451,0.0,0.0,0.0
1916.0,12.545716417891953,-6.2314649047072725,0.0,0.0,-0.0003208701763965921,0.0,0.0,-6.571695688726977,20.5794109308,0.0,0.0,0.3402307840197043,0.0,-0.0008810957627814761,0.0,0.03822698273559479,0.004279684983859014,-0.22479102442157173,0.0,0.0,0.0
1917.0,12.545697114208005,-6.231793118863006,0.0,0.0,-0.00032440786131882407,0.0,0.0,-6.572018330372755,20.5794109308,0.0,0.0,0.3402252115097486,0.0,-0.0008908114647353343,0.0,0.038228624239130156,0.004275072662731097,-0.2247983642445617,0.0,0.0,0.0
1918.0,12.545676035031951,-6.232124596551895,0.0,0.0,-0.000327913647677729,0.0,0.0,-6.572344493816751,20.5794109308,0.0,0.0,0.34021989726485646,0.0,-0.0009004397316616183,0.0,0.038230282420634275,0.004270419301210429,-0.22480578977265178,0.0,0.0,0.0
1919.0,12.545653173519948,-6.232459303157941,0.0,0.0,-0.0003313867849387149,0.0,0.0,-6.572674146785068,20.5794109308,0.0,0.0,0.34021484362712684,0.0,-0.000909978506757624,0.0,0.03823195710896764,0.004265725412817112,-0.22481330030309934,0.0,0.0,0.0
1920.0,12.545628523077697,-6.232797203343659,0.0,0.0,-0.00033482652345121465,0.0,0.0,-6.573007256253701,20.5794109308,0.0,0.0,0.34021005291004247,0.0,-0.000919425735560089,0.0,0.03823364812933485,0.004260991520594448,-0.22482089511539233,0.0,0.0,0.0
1921.0,12.545602077362961,-6.233138261051563,0.0,0.0,-0.00033823211457455015,0.0,0.0,-6.5733437884494945,20.5794109308,0.0,0.0,0.34020552739793164,0.0,-0.0009287793662862996,0.0,0.03823535530329147,0.004256218157080119,-0.22482857347126214,0.0,0.0,0.0
1922.0,12.545573830288065,-6.23348243950578,0.0,0.0,-0.00034160281080438217,0.0,0.0,-6.573683708851205,20.5794109308,0.0,0.0,0.3402012693454255,0.0,-0.0009380373501768113,0.0,0.03823707844875145,0.004251405864276095,-0.22483633461469915,0.0,0.0,0.0
1923.0,12.545543776022365,-6.233829701213786,0.0,0.0,-0.0003449378658997473,0.0,0.0,-6.574026982190709,20.5794109308,0.0,0.0,0.34019728097692337,0.0,-0.0009471976418397946,0.0,0.03823881737999534,0.004246555193616358,-0.2248441777719713,0.0,0.0,0.0
1924.0,12.545511908994689,-6.234180007968271,0.0,0.0,-0.0003482365350106643,0.0,0.0,-6.574373572454326,20.5794109308,0.0,0.0,0.3401935644860554,0.0,-0.0009562581995969523,0.0,0.038240571907678926,0.0042416667059332475,-0.22485210215164608,0.0,0.0,0.0
1925.0,12.545478223895747,-6.234533320849126,0.0,0.0,-0.00035149807480627766,0.0,0.0,-6.574723442884274,20.5794109308,0.0,0.0,0.340190122035148,0.0,-0.0009652169858309336,0.0,0.038242341838842654,0.004236740971422043,-0.2248601069446146,0.0,0.0,0.0
1926.0,12.545442715680526,-6.234889600225562,0.0,0.0,-0.00035472174360354604,0.0,0.0,-6.575076555980253,20.5794109308,0.0,0.0,0.3401869557546915,0.0,-0.0009740719673342577,0.0,0.03824412697692167,0.004231778569603689,-0.2248681913241195,0.0,0.0,0.0
1927.0,12.545405379570632,-6.235248805758348,0.0,0.0,-0.00035790680149643363,0.0,0.0,-6.575432873501159,20.5794109308,0.0,0.0,0.3401840677428103,0.0,-0.0009828211156596466,0.0,0.03824592712175641,0.004226780089285884,-0.22487635444578533,0.0,0.0,0.0
1928.0,12.545366211056619,-6.235610896402187,0.0,0.0,-0.00036105251048560393,0.0,0.0,-6.5757923564669225,20.5794109308,0.0,0.0,0.34018146006473593,0.0,-0.000991462407471759,0.0,0.03824774206960395,0.004221746128522455,-0.22488459544765205,0.0,0.0,0.0
1929.0,12.545325205900289,-6.235975830408203,0.0,0.0,-0.0003641581346085904,0.0,0.0,-6.576154965160484,20.5794109308,0.0,0.0,0.34017913475228045,0.0,-0.0009999938249002655,0.0,0.03824957161314995,0.004216677294570995,-0.22489291345021173,0.0,0.0,0.0
1930.0,12.545282360136943,-6.236343565326581,0.0,0.0,-0.0003672229400704322,0.0,0.0,-6.576520659129893,20.5794109308,0.0,0.0,0.3401770938033124,0.0,-0.0010084133558942309,0.0,0.038251415541521186,0.004211574203848614,-0.2249013075564481,0.0,0.0,0.0
1931.0,12.54523767007762,-6.236714058009307,0.0,0.0,-0.00037024619537474505,0.0,0.0,-6.576889397190545,20.5794109308,0.0,0.0,0.3401753391812381,0.0,-0.0010167189945777288,0.0,0.03825327364029887,0.004206437481886302,-0.22490977685187918,0.0,0.0,0.0
1932.0,12.545191132311295,-6.2370872646130575,0.0,0.0,-0.00037322717145522676,0.0,0.0,-6.57726113742754,20.5794109308,0.0,0.0,0.3401738728144821,0.0,-0.001024908741606689,0.0,0.03825514569153245,0.004201267763281141,-0.22491832040460288,0.0,0.0,0.0
1933.0,12.54514274370704,-6.237463140602212,0.0,0.0,-0.0003761651418075619,0.0,0.0,-6.577635837198183,20.5794109308,0.0,0.0,0.34017269659597105,0.0,-0.0010329806045268808,0.0,0.03825703147375421,0.004196065691647002,-0.22492693726534602,0.0,0.0,0.0
1934.0,12.545092501416155,-6.23784164075199,0.0,0.0,-0.0003790593826217182,0.0,0.0,-6.578013453134611,20.5794109308,0.0,0.0,0.3401718123826214,0.0,-0.0010409325981330208,0.0,0.03825893076199448,0.004190831919563431,-0.22493562646751603,0.0,0.0,0.0
1935.0,12.545040402874273,-6.2382227191517226,0.0,0.0,-0.0003819091729146115,0.0,0.0,-6.578393941146553,20.5794109308,0.0,0.0,0.3401712219948303,0.0,-0.0010487627448289396,0.0,0.038260843327797375,0.004185567108522831,-0.2249443870272557,0.0,0.0,0.0
1936.0,12.544986445803415,-6.238606329208256,0.0,0.0,-0.00038471379466312124,0.0,0.0,-6.578777256424224,20.5794109308,0.0,0.0,0.34017092721596764,0.0,-0.0010564690749887647,0.0,0.038262768939237406,0.004180271928875795,-0.22495321794350157,0.0,0.0,0.0
1937.0,12.544930628214026,-6.238992423649477,0.0,0.0,-0.00038747253293743445,0.0,0.0,-6.579163353441351,20.5794109308,0.0,0.0,0.34017092979187424,0.0,-0.0010640496273190618,0.0,0.03826470736093661,0.004174947059774808,-0.22496211819804482,0.0,0.0,0.0
1938.0,12.544872948406956,-6.239380954527977,0.0,0.0,-0.0003901846760347046,0.0,0.0,-6.5795521859583355,20.5794109308,0.0,0.0,0.3401712314303582,0.0,-0.0010715024492218969,0.0,0.038266658354082356,0.004169593189116028,-0.2249710867555956,0.0,0.0,0.0
1939.0,12.544813404975427,-6.239771873224844,0.0,0.0,-0.0003928495156130021,0.0,0.0,-6.579943707025542,20.5794109308,0.0,0.0,0.3401718338006985,0.0,-0.0010788255971587671,0.0,0.03826862167644583,0.004164211013479482,-0.22498012256385033,0.0,0.0,0.0
1940.0,12.544751996806944,-6.240165130453579,0.0,0.0,-0.0003954663468255345,0.0,0.0,-6.5803378689867325,20.5794109308,0.0,0.0,0.34017273853315366,0.0,-0.0010860171370153334,0.0,0.03827059708240118,0.004158801238067347,-0.22498922455356235,0.0,0.0,0.0
1941.0,12.544688723085185,-6.240560676264156,0.0,0.0,-0.00039803446845512215,0.0,0.0,-6.580734623482623,20.5794109308,0.0,0.0,0.3401739472184673,0.0,-0.0010930751444669263,0.0,0.038272584322945315,0.004153364576640645,-0.22499839163861535,0.0,0.0,0.0
1942.0,12.544623583291834,-6.240958460047203,0.0,0.0,-0.0004005531830489056,0.0,0.0,-6.581133921454587,20.5794109308,0.0,0.0,0.34017546140738375,0.0,-0.0010999977053447617,0.0,0.03827458314571839,0.004147901751453881,-0.2250076227161004,0.0,0.0,0.0
1943.0,12.544556577208397,-6.241358430538315,0.0,0.0,-0.0004030217970532634,0.0,0.0,-6.5815357131484795,20.5794109308,0.0,0.0,0.34017728261016433,0.0,-0.001106782916002809,0.0,0.038276593295024884,0.004142413493188307,-0.22501691666639573,0.0,0.0,0.0
1944.0,12.54448770491796,-6.241760535822503,0.0,0.0,-0.00040543962094892434,0.0,0.0,-6.5819399481186105,20.5794109308,0.0,0.0,0.3401794122961075,0.0,-0.0011134288836852737,0.0,0.038278614511855484,0.004136900540883143,-0.22502627235324985,0.0,0.0,0.0
1945.0,12.544416966806924,-6.242164723338769,0.0,0.0,-0.0004078059693862468,0.0,0.0,-6.582346575231844,20.5794109308,0.0,0.0,0.3401818518930746,0.0,-0.0011199337268946216,0.0,0.03828064653390944,0.0041313636418650185,-0.22503568862386775,0.0,0.0,0.0
1946.0,12.544344363566685,-6.242570939884819,0.0,0.0,-0.00041012016132065224,0.0,0.0,-6.582755542671833,20.5794109308,0.0,0.0,0.3401846027870148,0.0,-0.0011262955757601132,0.0,0.038282689095617745,0.00412580355167598,-0.2250451643090007,0.0,0.0,0.0
1947.0,12.544269896195285,-6.2429791316218965,0.0,0.0,-0.0004123815201481852,0.0,0.0,-6.583166797943399,20.5794109308,0.0,0.0,0.3401876663215022,0.0,-0.0011325125724067743,0.0,0.03828474192816694,0.004120221033999227,-0.22505469822303822,0.0,0.0,0.0
1948.0,12.544193565999016,-6.243389244079762,0.0,0.0,-0.00041458937384118385,0.0,0.0,-6.583580287877033,20.5794109308,0.0,0.0,0.3401910437972706,0.0,-0.0011385828713247636,0.0,0.03828680475952352,0.004114616860583578,-0.22506428916410443,0.0,0.0,0.0
1949.0,12.544115374593986,-6.243801222161792,0.0,0.0,-0.00041674305508403533,0.0,0.0,-6.583995958633544,20.5794109308,0.0,0.0,0.34019473647175236,0.0,-0.0011445046397390698,0.0,0.03828887731445909,0.0041089918111659185,-0.2250739359141567,0.0,0.0,0.0
1950.0,12.544035323907638,-6.24421501015021,0.0,0.0,-0.00041884190140899425,0.0,0.0,-6.584413755708839,20.5794109308,0.0,0.0,0.34019874555862906,0.0,-0.001150276057979482,0.0,0.038290959314576135,0.004103346673391878,-0.22508363723908795,0.0,0.0,0.0
1951.0,12.543953416180232,-6.244630551711461,0.0,0.0,-0.0004208852553320507,0.0,0.0,-6.584833623938837,20.5794109308,0.0,0.0,0.3402030722273759,0.0,-0.0011558953198507972,0.0,0.03829305047833447,0.004097682242734851,-0.22509339188883187,0.0,0.0,0.0
1952.0,12.543869653966281,-6.245047789901703,0.0,0.0,-0.0004228724644888152,0.0,0.0,-6.585255507504522,20.5794109308,0.0,0.0,0.3402077176028193,0.0,-0.001161360633003182,0.0,0.03829515052107839,0.004091999322413234,-0.22510319859747158,0.0,0.0,0.0
1953.0,12.543784040135945,-6.245466667172434,0.0,0.0,-0.0004248028817704055,0.0,0.0,-6.58567934993713,20.5794109308,0.0,0.0,0.34021268276469563,0.0,-0.001166670219302649,0.0,0.038297259155064385,0.004086298723305945,-0.2251130560833513,0.0,0.0,0.0
1954.0,12.543696577876378,-6.245887125376257,0.0,0.0,-0.00042667586545931034,0.0,0.0,-6.586105094123471,20.5794109308,0.0,0.0,0.340217968747214,0.0,-0.0011718223152015806,0.0,0.03829937608948966,0.004080581263866095,-0.2251229630491911,0.0,0.0,0.0
1955.0,12.543607270693036,-6.246309105772764,0.0,0.0,-0.0004284907793652082,0.0,0.0,-6.586532682311391,20.5794109308,0.0,0.0,0.34022357653862745,0.0,-0.0011768151721092467,0.0,0.038301501030521205,0.004074847770032974,-0.22513291818220527,0.0,0.0,0.0
1956.0,12.543516122410933,-6.246732549034562,0.0,0.0,-0.0004302469929607196,0.0,0.0,-6.586962056115367,20.5794109308,0.0,0.0,0.3402295070808048,0.0,-0.0011816470567622564,0.0,0.038303633681325555,0.004069099075142454,-0.22514292015422344,0.0,0.0,0.0
1957.0,12.543423137175862,-6.247157395253423,0.0,0.0,-0.0004319438815170722,0.0,0.0,-6.587393156522234,20.5794109308,0.0,0.0,0.3402357612688105,0.0,-0.0011863162515948942,0.0,0.03830577374209928,0.004063336019835342,-0.22515296762181516,0.0,0.0,0.0
1958.0,12.543328319455556,-6.247583583946567,0.0,0.0,-0.0004335808262396496,0.0,0.0,-6.587825923897055,20.5794109308,0.0,0.0,0.34024233995048814,0.0,-0.0011908210551092601,0.0,0.03830792091010004,0.004057559451964135,-0.22516305922641752,0.0,0.0,0.0
1959.0,12.543231674040815,-6.248011054063072,0.0,0.0,-0.0004351572144034077,0.0,0.0,-6.588260297989124,20.5794109308,0.0,0.0,0.3402492439260518,0.0,-0.0011951597822451746,0.0,0.03831007487967834,0.004051770226498316,-0.22517319359446603,0.0,0.0,0.0
1960.0,12.543133206046578,-6.248439743990419,0.0,0.0,-0.0004366724394881304,0.0,0.0,-6.588696217938098,20.5794109308,0.0,0.0,0.34025647394767944,0.0,-0.0011993307647497713,0.0,0.03831223534230997,0.004045969205427435,-0.22518336933752878,0.0,0.0,0.0
1961.0,12.54303292091296,-6.248869591561163,0.0,0.0,-0.00043812590131350764,0.0,0.0,-6.589133622280275,20.5794109308,0.0,0.0,0.34026403071911204,0.0,-0.0012033323515467378,0.0,0.038314401986629096,0.004040157257662894,-0.22519358505244358,0.0,0.0,0.0
1962.0,12.542930824406222,-6.249300534059735,0.0,0.0,-0.00043951700617400423,0.0,0.0,-6.589572448954996,20.5794109308,0.0,0.0,0.3402719148952613,0.0,-0.0012071629091051162,0.0,0.03831657449846196,0.004034335258937732,-0.2252038393214585,0.0,0.0,0.0
1963.0,12.542826922619708,-6.249732508229371,0.0,0.0,-0.0004408451669735073,0.0,0.0,-6.590012635311194,20.5794109308,0.0,0.0,0.3402801270818223,0.0,-0.0012108208218076352,0.0,0.038318752560861286,0.004028504091704965,-0.22521413071237528,0.0,0.0,0.0
1964.0,12.542721221974734,-6.250165450279174,0.0,0.0,-0.0004421098033597145,0.0,0.0,-6.590454118114062,20.5794109308,0.0,0.0,0.340288667834888,0.0,-0.001214304492318473,0.0,0.0383209358541413,0.004022664645033994,-0.22522445777869654,0.0,0.0,0.0
1965.0,12.542613729221415,-6.250599295891297,0.0,0.0,-0.0004433103418582519,0.0,0.0,-6.590896833551873,20.5794109308,0.0,0.0,0.34029753766057613,0.0,-0.00121761234195042,0.0,0.03832312405591346,0.004016817814505469,-0.22523481905977527,0.0,0.0,0.0
1966.0,12.542504451439457,-6.2510339802282635,0.0,0.0,-0.00044444621600649164,0.0,0.0,-6.591340717242916,20.5794109308,0.0,0.0,0.34030673701465286,0.0,-0.001220742811031367,0.0,0.038325316841122795,0.0040109645021042944,-0.2252452130809683,0.0,0.0,0.0
1967.0,12.542393396038893,-6.251469437940409,0.0,0.0,-0.000445516866487047,0.0,0.0,-6.591785704242582,20.5794109308,0.0,0.0,0.3403162663021728,0.0,-0.001223694359270054,0.0,0.038327513882084906,0.004005105616111254,-0.22525563835379248,0.0,0.0,0.0
1968.0,12.542280570760765,-6.251905603173451,0.0,0.0,-0.0004465217412609218,0.0,0.0,-6.592231729050572,20.5794109308,0.0,0.0,0.3403261258771213,0.0,-0.0012264654661210234,0.0,0.03832971484852353,0.003999242070992698,-0.22526609337608405,0.0,0.0,0.0
1969.0,12.542165983677762,-6.252342409576183,0.0,0.0,-0.0004474602957002829,0.0,0.0,-6.592678725618242,20.5794109308,0.0,0.0,0.34033631604205894,0.0,-0.0012290546311486922,0.0,0.038331919407608946,0.00399337478728852,-0.2252765766321615,0.0,0.0,0.0
1970.0,12.542049643194806,-6.252779790308306,0.0,0.0,-0.0004483319927208465,0.0,0.0,-6.593126627356082,20.5794109308,0.0,0.0,0.34034683704777535,0.0,-0.00123146037439052,0.0,0.038334127223996824,0.003987504691498903,-0.22528708659299101,0.0,0.0,0.0
1971.0,12.541931558049583,-6.253217678048369,0.0,0.0,-0.0004491363029138371,0.0,0.0,-6.593575367141321,20.5794109308,0.0,0.0,0.3403576890929525,0.0,-0.0012336812367191616,0.0,0.03833633795986778,0.003981632715968825,-0.2252976217163556,0.0,0.0,0.0
1972.0,12.541811737313026,-6.253656005001846,0.0,0.0,-0.0004498727046775061,0.0,0.0,-6.594024877325678,20.5794109308,0.0,0.0,0.3403688723238316,0.0,-0.0012357157802035724,0.0,0.03833855127496765,0.003975759798771419,-0.22530818044702694,0.0,0.0,0.0
1973.0,12.541690190389742,-6.254094702909339,0.0,0.0,-0.000450540684348181,0.0,0.0,-6.594475089743223,20.5794109308,0.0,0.0,0.3403803868338837,0.0,-0.0012375625884689875,0.0,0.03834076682664824,0.0039698868835894435,-0.2253187612169406,0.0,0.0,0.0
1974.0,12.541566927018394,-6.254533703054894,0.0,0.0,-0.0004511397363308189,0.0,0.0,-6.594925935718387,20.5794109308,0.0,0.0,0.3403922326634934,0.0,-0.0012392202670557034,0.0,0.038342984269908884,0.003964014919595207,-0.2253293624453742,0.0,0.0,0.0
1975.0,12.54144195727202,-6.254972936274452,0.0,0.0,-0.0004516693632290473,0.0,0.0,-6.5953773460740965,20.5794109308,0.0,0.0,0.34040440979964437,0.0,-0.0012406874437766206,0.0,0.038345203257438454,0.003958144861328811,-0.2253399825391288,0.0,0.0,0.0
1976.0,12.541315291558309,-6.2554123329644185,0.0,0.0,-0.00045212907597465686,0.0,0.0,-6.595829251140033,20.5794109308,0.0,0.0,0.3404169181756149,0.0,-0.0012419627690734476,0.0,0.03834742343965812,0.003952277668574963,-0.22535061989271332,0.0,0.0,0.0
1977.0,12.541186940619813,-6.255851823090352,0.0,0.0,-0.0004525183939565278,0.0,0.0,-6.596281580761029,20.5794109308,0.0,0.0,0.34042975767067674,0.0,-0.0012430449163715223,0.0,0.03834964446476473,0.003946414306237989,-0.22536127288853205,0.0,0.0,0.0
1978.0,12.541056915534114,-6.256291336195781,0.0,0.0,-0.0004528368451489645,0.0,0.0,-6.596734264305586,20.5794109308,0.0,0.0,0.34044292810980537,0.0,-0.001243932582433179,0.0,0.03835186597877472,0.003940555744215438,-0.22537193989707513,0.0,0.0,0.0
1979.0,12.540925227713933,-6.256730801411132,0.0,0.0,-0.0004530839662394112,0.0,0.0,-6.597187230674527,20.5794109308,0.0,0.0,0.34045642926339514,0.0,-0.0012446244877095892,0.0,0.03835408762556871,0.0039347029572700115,-0.22538261927711223,0.0,0.0,0.0
1980.0,12.540791888907188,-6.257170147462792,0.0,0.0,-0.0004532593027555232,0.0,0.0,-6.597640408309774,20.5794109308,0.0,0.0,0.34047026084698206,0.0,-0.0012451193766910087,0.0,0.03835630904693669,0.003928856924899998,-0.22539330937588914,0.0,0.0,0.0
1981.0,12.540656911196992,-6.257609302682273,0.0,0.0,-0.0004533624091915728,0.0,0.0,-6.5980937252032446,20.5794109308,0.0,0.0,0.340484422520972,0.0,-0.0012454160182553732,0.0,0.038358529882623844,0.0039230186312080445,-0.22540400852932768,0.0,0.0,0.0
1982.0,12.540520307001595,-6.25804819501551,0.0,0.0,-0.0004533928491341593,0.0,0.0,-6.5985471089058905,20.5794109308,0.0,0.0,0.34049891389038045,0.0,-0.001245513206015161,0.0,0.038360749770376935,0.00391718906476865,-0.22541471506222793,0.0,0.0,0.0
1983.0,12.540382089074278,-6.258486752032271,0.0,0.0,-0.00045335019538720136,0.0,0.0,-6.599000486536847,20.5794109308,0.0,0.0,0.3405137345045759,0.0,-0.0012454097586624645,0.0,0.0383629683459913,0.003911369218493818,-0.22542542728847448,0.0,0.0,0.0
1984.0,12.54024227050319,-6.2589249009356775,0.0,0.0,-0.0004532340300961825,0.0,0.0,-6.599453784792712,20.5794109308,0.0,0.0,0.3405288838570346,0.0,-0.0012451045203121871,0.0,0.03836518524335846,0.0039055600894974535,-0.2254361435112447,0.0,0.0,0.0
1985.0,12.540100864711121,-6.259362568571857,0.0,0.0,-0.0004530439448716301,0.0,0.0,-6.599906929956955,20.5794109308,0.0,0.0,0.34054436138509825,0.0,-0.0012445963608433222,0.0,0.03836740009451435,0.003899762678958099,-0.22544686202322045,0.0,0.0,0.0
1986.0,12.539957885455223,-6.259799681439692,0.0,0.0,-0.000452779540911796,0.0,0.0,-6.600359847909436,20.5794109308,0.0,0.0,0.34056016646974374,0.0,-0.0012438841762382146,0.0,0.03836961252968802,0.0038939779919803102,-0.22545758110680286,0.0,0.0,0.0
1987.0,12.539813346826683,-6.260236165700703,0.0,0.0,-0.00045244042912451795,0.0,0.0,-6.600812464136061,20.5794109308,0.0,0.0,0.34057629843535775,0.0,-0.00124296688891976,0.0,0.03837182217735108,0.003888207037454447,-0.22546829903432963,0.0,0.0,0.0
1988.0,12.539667263250326,-6.260671947189023,0.0,0.0,-0.00045202623024823336,0.0,0.0,-6.601264703738545,20.5794109308,0.0,0.0,0.3405927565495226,0.0,-0.0012418434480864562,0.0,0.03837402866426761,0.0038824508279151626,-0.22547901406829565,0.0,0.0,0.0
1989.0,12.539519649484166,-6.261106951421505,0.0,0.0,-0.0004515365749721213,0.0,0.0,-6.601716491444312,20.5794109308,0.0,0.0,0.34060954002280663,0.0,-0.0012405128300452463,0.0,0.03837623161554467,0.0038767103793983376,-0.22548972446157617,0.0,0.0,0.0
1990.0,12.539370520618908,-6.261541103607931,0.0,0.0,-0.00045097110405534647,0.0,0.0,-6.602167751616496,20.5794109308,0.0,0.0,0.34062664800856446,0.0,-0.0012389740385420778,0.0,0.03837843065468343,0.0038709867112965146,-0.22550042845765322,0.0,0.0,0.0
1991.0,12.539219892077377,-6.2619743286613305,0.0,0.0,-0.00045032946844538043,0.0,0.0,-6.602618408264076,20.5794109308,0.0,0.0,0.3406440796027459,0.0,-0.001237226105090113,0.0,0.03838062540363077,0.0038652808462131677,-0.22551112429084436,0.0,0.0,0.0
1992.0,12.5390677796139,-6.262406551208413,0.0,0.0,-0.0004496113293953709,0.0,0.0,-6.603068385052124,20.5794109308,0.0,0.0,0.3406618338437113,0.0,-0.0012352680892955077,0.0,0.03838281548283155,0.0038595938098154037,-0.22552181018653505,0.0,0.0,0.0
1993.0,12.53891419931363,-6.262837695600106,0.0,0.0,-0.00044881635858053966,0.0,0.0,-6.603517605312162,20.5794109308,0.0,0.0,0.34067990971205653,0.0,-0.001233099079180712,0.0,0.03838500051128134,0.003853926630685192,-0.2255324843614131,0.0,0.0,0.0
1994.0,12.538759167591813,-6.2632676859222025,0.0,0.0,-0.00044794423821357596,0.0,0.0,-6.6039659920526494,20.5794109308,0.0,0.0,0.34069830613044694,0.0,-0.001230718191505188,0.0,0.038387180106579745,0.003848280340169527,-0.22554314502370615,0.0,0.0,0.0
1995.0,12.53860270119298,-6.263696446006115,0.0,0.0,-0.0004469946611590058,0.0,0.0,-6.604413467969573,20.5794109308,0.0,0.0,0.3407170219634583,0.0,-0.0012281245720835083,0.0,0.03838935388498429,0.0038426559722289644,-0.2255537903734223,0.0,0.0,0.0
1996.0,12.538444817190108,-6.264123899439732,0.0,0.0,-0.00044596733104650696,0.0,0.0,-6.60485995545716,20.5794109308,0.0,0.0,0.34073605601742774,0.0,-0.0012253173961007371,0.0,0.03839152146146479,0.0038370545632850084,-0.22556441860259285,0.0,0.0,0.0
1997.0,12.538285532983702,-6.264549969578382,0.0,0.0,-0.0004448619623831484,0.0,0.0,-6.605305376618694,20.5794109308,0.0,0.0,0.34075540704031226,0.0,-0.0012222958684250428,0.0,0.03839368244975832,0.00383147715206604,-0.2255750278955183,0.0,0.0,0.0
1998.0,12.538124866300825,-6.264974579555895,0.0,0.0,-0.0004436782806645224,0.0,0.0,-6.605749653277451,20.5794109308,0.0,0.0,0.3407750737215558,0.0,-0.0012190592239174527,0.0,0.03839583646242463,0.0038259247794521223,-0.2255856164290168,0.0,0.0,0.0
1999.0,12.537962835194065,-6.265397652295778,0.0,0.0,-0.00044241602248475066,0.0,0.0,-6.606192706987745,20.5794109308,0.0,0.0,0.34079505469196647,0.0,-0.0012156067277386978,0.0,0.03839798311090219,0.003820398488318319,-0.22559618237267537,0.0,0.0,0.0
2000.0,12.537799458040457,-6.265819110522474,0.0,0.0,-0.00044107493564533005,0.0,0.0,-6.6066344590460755,20.5794109308,0.0,0.0,0.3408153485236012,0.0,-0.00121193767565305,0.0,0.038400122005564606,0.0038148993233769746,-0.2256067238891038,0.0,0.0,0.0
2001.0,12.537634753540322,-6.266238876772734,0.0,0.0,-0.00043965477926280163,0.0,0.0,-6.607074830502395,20.5794109308,0.0,0.0,0.3408359537296608,0.0,-0.0012080513943291118,0.0,0.03840225275577773,0.0038094283310186466,-0.22561723913419107,0.0,0.0,0.0
2002.0,12.53746874071607,-6.266656873407081,0.0,0.0,-0.00043815532387521313,0.0,0.0,-6.607513742171472,20.5794109308,0.0,0.0,0.3408568687643907,0.0,-0.0012039472416374682,0.0,0.03840437496995704,0.003803986559151651,-0.2256277262573645,0.0,0.0,0.0
2003.0,12.537301438910925,-6.267073022621372,0.0,0.0,-0.00043657635154734434,0.0,0.0,-6.6079511146443695,20.5794109308,0.0,0.0,0.34087809202299724,0.0,-0.0011996246069451205,0.0,0.038406488255625766,0.0037985750570408983,-0.22563818340185143,0.0,0.0,0.0
2004.0,12.537132867787605,-6.267487246458456,0.0,0.0,-0.0004349176559746776,0.0,0.0,-6.6083868683000215,20.5794109308,0.0,0.0,0.3408996218415652,0.0,-0.0011950829114066525,0.0,0.03840859221947332,0.003793194875144887,-0.22564860870494358,0.0,0.0,0.0
2005.0,12.536963047326934,-6.267899466819926,0.0,0.0,-0.000433179042586084,0.0,0.0,-6.608820923316916,20.5794109308,0.0,0.0,0.34092145649699024,0.0,-0.0011903216082520404,0.0,0.03841068646741429,0.003787847064951999,-0.22565900029826347,0.0,0.0,0.0
2006.0,12.536791997826393,-6.268309605477961,0.0,0.0,-0.00043136032864520013,0.0,0.0,-6.609253199684877,20.5794109308,0.0,0.0,0.3409435942069168,0.0,-0.0011853401830710449,0.0,0.03841277060464788,0.003782532678815745,-0.22566935630803425,0.0,0.0,0.0
2007.0,12.536619739898619,-6.2687175840872635,0.0,0.0,-0.00042946134335047144,0.0,0.0,-6.609683617216954,20.5794109308,0.0,0.0,0.34096603312969087,0.0,-0.0011801381540941104,0.0,0.03841484423571785,0.003777252769788214,-0.2256796748553509,0.0,0.0,0.0
2008.0,12.536446294469837,-6.269123324197088,0.0,0.0,-0.00042748192793383075,0.0,0.0,-6.610112095561402,20.5794109308,0.0,0.0,0.34098877136431405,0.0,-0.0011747150724696867,0.0,0.03841690696457291,0.0037720083914532937,-0.22568995405645498,0.0,0.0,0.0
2009.0,12.536271682778231,-6.269526747263351,0.0,0.0,-0.0004254219357579958,0.0,0.0,-6.6105385542137665,20.5794109308,0.0,0.0,0.3410118069504158,0.0,-0.0011690705225379263,0.0,0.0384189583946275,0.003766800597758163,-0.22570019202301053,0.0,0.0,0.0
2010.0,12.536095926372269,-6.269927774660833,0.0,0.0,-0.00042328123241235397,0.0,0.0,-6.610962912529058,20.5794109308,0.0,0.0,0.34103513786822504,0.0,-0.0011632041221006663,0.0,0.038420998128823186,0.0037616304428439717,-0.22571038686238393,0.0,0.0,0.0
2011.0,12.53591904710894,-6.270326327695471,0.0,0.0,-0.0004210596958074138,0.0,0.0,-6.611385089734033,20.5794109308,0.0,0.0,0.34105876203856234,0.0,-0.0011571155226876401,0.0,0.038423025769690276,0.0037564989808755583,-0.22572053667792433,0.0,0.0,0.0
2012.0,12.535741067151966,-6.2707223276167205,0.0,0.0,-0.0004187572162677882,0.0,0.0,-6.611805004939556,20.5794109308,0.0,0.0,0.34108267732283526,0.0,-0.0011508044098188152,0.0,0.03842504091941007,0.0037514072658699354,-0.2257306395692481,0.0,0.0,0.0
2013.0,12.53556200896992,-6.271115695630018,0.0,0.0,-0.00041637369662369617,0.0,0.0,-6.6122225771530605,20.5794109308,0.0,0.0,0.3411068815230429,0.0,-0.0011442705032628229,0.0,0.03842704317987734,0.003746356351524066,-0.22574069363252425,0.0,0.0,0.0
2014.0,12.535381895334313,-6.271506352909309,0.0,0.0,-0.0004139090523009561,0.0,0.0,-6.612637725291103,20.5794109308,0.0,0.0,0.3411313723817937,0.0,-0.0011375135572913994,0.0,0.03842903215276347,0.0037413472910413775,-0.22575069696076286,0.0,0.0,0.0
2015.0,12.535200749317596,-6.271894220609671,0.0,0.0,-0.0004113632114094341,0.0,0.0,-6.613050368191998,20.5794109308,0.0,0.0,0.3411561475823275,0.0,-0.0011305333609297392,0.0,0.03843100743957977,0.0037363811369574562,-0.22576064764410547,0.0,0.0,0.0
2016.0,12.535018594291124,-6.2722792198799935,0.0,0.0,-0.00040873611482993786,0.0,0.0,-6.61346042462855,20.5794109308,0.0,0.0,0.3411812047485565,0.0,-0.0011233297382027268,0.0,0.03843296864174131,0.0037314589409648546,-0.22577054377011777,0.0,0.0,0.0
2017.0,12.534835453923039,-6.272661271875759,0.0,0.0,-0.0004060277162995242,0.0,0.0,-6.613867813320864,20.5794109308,0.0,0.0,0.3412065414451053,0.0,-0.0011159025483769617,0.0,0.03843491536063115,0.0037265817537370377,-0.22578038342408407,0.0,0.0,0.0
2018.0,12.53465135217611,-6.273040297771875,0.0,0.0,-0.000403237982495193,0.0,0.0,-6.614272452949246,20.5794109308,0.0,0.0,0.34123215517737115,0.0,-0.0011082516861984934,0.0,0.0384368471976649,0.0037217506247512466,-0.22579016468930468,0.0,0.0,0.0
2019.0,12.534466313305504,-6.273416218775599,0.0,0.0,-0.0004003668931159489,0.0,0.0,-6.614674262167183,20.5794109308,0.0,0.0,0.3412580433915844,0.0,-0.0011003770821262145,0.0,0.03843876375435574,0.0037169666021107245,-0.22579988564739434,0.0,0.0,0.0
2020.0,12.534280361856496,-6.273788956139519,0.0,0.0,-0.0003974144409632027,0.0,0.0,-6.615073159614407,20.5794109308,0.0,0.0,0.3412842034748875,0.0,-0.0010922787025608326,0.0,0.03844066463237969,0.003712230732365998,-0.2258095443785837,0.0,0.0,0.0
2021.0,12.534093522662126,-6.274158431174615,0.0,0.0,-0.00039438063201948775,0.0,0.0,-6.615469063930032,20.5794109308,0.0,0.0,0.34131063275541695,0.0,-0.0010839565500693445,0.0,0.03844254943364137,0.003707544060335466,-0.22581913896202183,0.0,0.0,0.0
2022.0,12.53390582084079,-6.274524565263379,0.0,0.0,-0.00039126548552547466,0.0,0.0,-6.61586189376578,20.5794109308,0.0,0.0,0.3413373285024015,0.0,-0.001075410663604971,0.0,0.038444417760339994,0.003702907628924987,-0.22582866747608177,0.0,0.0,0.0
2023.0,12.533717281793775,-6.274887279873009,0.0,0.0,-0.0003880690340552462,0.0,0.0,-6.616251567799275,20.5794109308,0.0,0.0,0.3413642879262664,0.0,-0.0010666411187224352,0.0,0.038446269215035814,0.003698322478947011,-0.22583812799866704,0.0,0.0,0.0
2024.0,12.53352793120273,-6.275246496568661,0.0,0.0,-0.0003847913235898221,0.0,0.0,-6.61663800474741,20.5794109308,0.0,0.0,0.34139150817874864,0.0,-0.001057648027788558,0.0,0.03844810340071678,0.003693789648938739,-0.22584751860752067,0.0,0.0,0.0
2025.0,12.533337795027082,-6.27560213702677,0.0,0.0,-0.0003814324135889062,0.0,0.0,-6.617021123379793,20.5794109308,0.0,0.0,0.34141898635302326,0.0,-0.0010484315401880881,0.0,0.03844991992086566,0.0036893101749797125,-0.22585683738053575,0.0,0.0,0.0
2026.0,12.53314689950139,-6.275954123048422,0.0,0.0,-0.0003779923770608257,0.0,0.0,-6.617400842532261,20.5794109308,0.0,0.0,0.3414467194838391,0.0,-0.0010389918425246815,0.0,0.03845171837952734,0.0036848850905086827,-0.22586608239606804,0.0,0.0,0.0
2027.0,12.532955271132636,-6.276302376572795,0.0,0.0,-0.0003744713006306511,0.0,0.0,-6.617777081120462,20.5794109308,0.0,0.0,0.34147470454766626,0.0,-0.0010293291588169913,0.0,0.03845349838137653,0.0036805154261398826,-0.22587525173325002,0.0,0.0,0.0
2028.0,12.53276293669747,-6.276646819690653,0.0,0.0,-0.00037086928460646054,0.0,0.0,-6.618149758153504,20.5794109308,0.0,0.0,0.3415029384628516,0.0,-0.001019443750689767,0.0,0.0384552595317857,0.003676202209478549,-0.22588434347230726,0.0,0.0,0.0
2029.0,12.532569923239377,-6.276987374657887,0.0,0.0,-0.00036718644304374,0.0,0.0,-6.6185187927476745,20.5794109308,0.0,0.0,0.3415314180897875,0.0,-0.0010093359175599337,0.0,0.038457001436893345,0.0036719464649360434,-0.22589335569487567,0.0,0.0,0.0
2030.0,12.5323762580658,-6.277323963909127,0.0,0.0,-0.00036342290380787996,0.0,0.0,-6.618884104140213,20.5794109308,0.0,0.0,0.3415601402310866,0.0,-0.0009990059968175377,0.0,0.03845872370367251,0.0036677492135442497,-0.2259022864843212,0.0,0.0,0.0
2031.0,12.532181968745197,-6.2776565100713855,0.0,0.0,-0.00035957880863476076,0.0,0.0,-6.619245611703157,20.5794109308,0.0,0.0,0.34158910163177136,0.0,-0.0009884543640015326,0.0,0.0384604259399996,0.003663611472769404,-0.2259111339260606,0.0,0.0,0.0
2032.0,12.531987083104045,-6.2779849359777655,0.0,0.0,-0.0003556543131893995,0.0,0.0,-6.619603234957237,20.5794109308,0.0,0.0,0.3416182989794718,0.0,-0.0009776814329703286,0.0,0.0384621077547234,0.003659534256325675,-0.22591989610788407,0.0,0.0,0.0
2033.0,12.531791629223775,-6.278309164681205,0.0,0.0,-0.00035164958712262834,0.0,0.0,-6.619956893585839,20.5794109308,0.0,0.0,0.34164772890463446,0.0,-0.0009666876560670131,0.0,0.03846376875773439,0.003655518573987951,-0.2259285711202791,0.0,0.0,0.0
2034.0,12.531595635437663,-6.278629119468273,0.0,0.0,-0.00034756481412579393,0.0,0.0,-6.6203065074490155,20.5794109308,0.0,0.0,0.34167738798074243,0.0,-0.0009554735242792111,0.0,0.0384654085600343,0.003651565431404269,-0.22593715705675607,0.0,0.0,0.0
2035.0,12.531399130327651,-6.278944723873008,0.0,0.0,-0.0003434001919834506,0.0,0.0,-6.620651996597552,20.5794109308,0.0,0.0,0.3417072727245438,0.0,-0.0009440395673935062,0.0,0.03846702677380584,0.0036476758299079787,-0.22594565201417552,0.0,0.0,0.0
2036.0,12.531202142721117,-6.279255901690794,0.0,0.0,-0.0003391559326240253,0.0,0.0,-6.6209932812870855,20.5794109308,0.0,0.0,0.34173737959629147,0.0,-0.0009323863541443551,0.0,0.0384686230124827,0.0036438507663292957,-0.22595405409307598,0.0,0.0,0.0
2037.0,12.531004701687584,-6.279562576992281,0.0,0.0,-0.0003348322621684325,0.0,0.0,-6.621330281992276,20.5794109308,0.0,0.0,0.3417677049999952,0.0,-0.0009205144923574288,0.0,0.03847019689081977,0.003640091232806536,-0.225962361398004,0.0,0.0,0.0
2038.0,12.530806836535376,-6.279864674137336,0.0,0.0,-0.00033042942097662084,0.0,0.0,-6.621662919421018,20.5794109308,0.0,0.0,0.3417982452836821,0.0,-0.0009084246290873268,0.0,0.038471748024963434,0.0036363982165971143,-0.22597057203784496,0.0,0.0,0.0
2039.0,12.53060857680821,-6.280162117789036,0.0,0.0,-0.00032594766369202884,0.0,0.0,-6.621991114528706,20.5794109308,0.0,0.0,0.34182899673966993,0.0,-0.0008961174507495959,0.0,0.038473276032522256,0.003632772699888237,-0.22597868412615535,0.0,0.0,0.0
2040.0,12.530409952281737,-6.280454832927688,0.0,0.0,-0.0003213872592839285,0.0,0.0,-6.6223147885325355,20.5794109308,0.0,0.0,0.34185995560484717,0.0,-0.0008835936832469882,0.0,0.03847478053263762,0.003629215659606999,-0.22598669578149638,0.0,0.0,0.0
2041.0,12.530210992960026,-6.280742744864884,0.0,0.0,-0.0003167484910876365,0.0,0.0,-6.622633862925851,20.5794109308,0.0,0.0,0.3418911180609676,0.0,-0.0008708540920898993,0.0,0.03847626114605472,0.003625728067230785,-0.22599460512776817,0.0,0.0,0.0
2042.0,12.530011729071987,-6.28102577925758,0.0,0.0,-0.00031203165684257604,0.0,0.0,-6.622948259492534,20.5794109308,0.0,0.0,0.3419224802349543,0.0,-0.0008578994825109303,0.0,0.03847771749519359,0.003622310888596908,-0.22600241029454593,0.0,0.0,0.0
2043.0,12.529812191067748,-6.281303862122206,0.0,0.0,-0.0003072370687281599,0.0,0.0,-6.62325790032142,20.5794109308,0.0,0.0,0.3419540381992139,0.0,-0.0008447306995734906,0.0,0.038479149204220284,0.0036189650837124276,-0.22601010941741626,0.0,0.0,0.0
2044.0,12.52961240961496,-6.281576919848798,0.0,0.0,-0.0003023650533974917,0.0,0.0,-6.623562707820757,20.5794109308,0.0,0.0,0.341985787971959,0.0,-0.0008313486282744234,0.0,0.03848055589911827,0.0036156916065636507,-0.22601770063831528,0.0,0.0,0.0
2045.0,12.529412415595067,-6.281844879215151,0.0,0.0,-0.0002974159520088477,0.0,0.0,-6.6238626047327,20.5794109308,0.0,0.0,0.3420177255175494,0.0,-0.0008177541936405472,0.0,0.03848193720775985,0.0036124914049254775,-0.22602518210586714,0.0,0.0,0.0
2046.0,12.5292122400995,-6.282107667400993,0.0,0.0,-0.0002923901202549315,0.0,0.0,-6.624157514147825,20.5794109308,0.0,0.0,0.34204984674683203,0.0,-0.0008039483608190836,0.0,0.038483292759977715,0.003609365420170818,-0.22603255197572375,0.0,0.0,0.0
2047.0,12.529011914425839,-6.282365212002177,0.0,0.0,-0.000287287928389879,0.0,0.0,-6.624447359519678,20.5794109308,0.0,0.0,0.3420821475175009,0.0,-0.0007899321351619036,0.0,0.03848462218763668,0.003606314587079801,-0.22603980841090515,0.0,0.0,0.0
2048.0,12.528811470073894,-6.282617441044887,0.0,0.0,-0.0002821097612539978,0.0,0.0,-6.624732064679352,20.5794109308,0.0,0.0,0.34211462363446543,0.0,-0.0007757065623035434,0.0,0.03848592512470532,0.0036033398336489386,-0.226046949582141,0.0,0.0,0.0
2049.0,12.528610938741759,-6.282864282999856,0.0,0.0,-0.0002768560182962182,0.0,0.0,-6.625011553850083,20.5794109308,0.0,0.0,0.34214727085022645,0.0,-0.0007612727282329179,0.0,0.03848720120732793,0.0036004420809004067,-0.22605397366821256,0.0,0.0,0.0
2050.0,12.528410352321792,-6.2831056667966,0.0,0.0,-0.0002715271135942412,0.0,0.0,-6.625285751661867,20.5794109308,0.0,0.0,0.34218008486526674,0.0,-0.0007466317593586871,0.0,0.03848845007389632,0.0035976222426912785,-0.22606087885629525,0.0,0.0,0.0
2051.0,12.528209742896555,-6.283341521837652,0.0,0.0,-0.0002661234758723651,0.0,0.0,-6.625554583166101,20.5794109308,0.0,0.0,0.3422130613284491,0.0,-0.0007317848225682183,0.0,0.03848967136512179,0.003594881225522817,-0.22606766334230244,0.0,0.0,0.0
2052.0,12.528009142734692,-6.28357177801281,0.0,0.0,-0.0002606455485169738,0.0,0.0,-6.625817973850237,20.5794109308,0.0,0.0,0.34224619583742744,0.0,-0.0007167331252800877,0.0,0.03849086472410709,0.003592219928349946,-0.22607432533122918,0.0,0.0,0.0
2053.0,12.52780858428676,-6.283796365713381,0.0,0.0,-0.00025509378958966683,0.0,0.0,-6.626075849652448,20.5794109308,0.0,0.0,0.34227948393906704,0.0,-0.0007014779154900653,0.0,0.038492029796418505,0.0035896392423906964,-0.22608086303749686,0.0,0.0,0.0
2054.0,12.527608100181004,-6.284015215846436,0.0,0.0,-0.00024946867183802144,0.0,0.0,-6.626328136976312,20.5794109308,0.0,0.0,0.3423129211298761,0.0,-0.0006860204818105436,0.0,0.0384931662301578,0.0035871400509360774,-0.2260872746852982,0.0,0.0,0.0
2055.0,12.527407723219088,-6.284228259849054,0.0,0.0,-0.0002437706827039606,0.0,0.0,-6.6265747627055,20.5794109308,0.0,0.0,0.3423465028564463,0.0,-0.0006703621535033337,0.0,0.038494273676034266,0.003584723229159731,-0.22609355850894286,0.0,0.0,0.0
2056.0,12.527207486371765,-6.28443542970257,0.0,0.0,-0.00023800032432971956,0.0,0.0,-6.626815654218476,20.5794109308,0.0,0.0,0.34238022451590666,0.0,-0.0006545043005058053,0.0,0.03849535178743681,0.003582389643928291,-0.2260997127532032,0.0,0.0,0.0
2057.0,12.527007422774501,-6.2846366579468125,0.0,0.0,-0.00023215811356138997,0.0,0.0,-6.627050739403198,20.5794109308,0.0,0.0,0.3424140814563854,0.0,-0.0006384483334502974,0.0,0.03849640022050588,0.003580140153611633,-0.22610573567366055,0.0,0.0,0.0
2058.0,12.52680756572305,-6.284831877694335,0.0,0.0,-0.00022624458195003,0.0,0.0,-6.6272799466718215,20.5794109308,0.0,0.0,0.3424480689774869,0.0,-0.0006221957036767696,0.0,0.03849741863420548,0.0035779756078937047,-0.22611162553705155,0.0,0.0,0.0
2059.0,12.526607948668978,-6.285021022644636,0.0,0.0,-0.00022026027575031815,0.0,0.0,-6.6275032049754055,20.5794109308,0.0,0.0,0.34248218233076955,0.0,-0.0006057479032386197,0.0,0.038498406690395136,0.003575896847583304,-0.22611738062161518,0.0,0.0,0.0
2060.0,12.526408605215135,-6.285204027098368,0.0,0.0,-0.00021420575591674803,0.0,0.0,-6.627720443818614,20.5794109308,0.0,0.0,0.3425164167202457,0.0,-0.000589106464901656,0.0,0.03849936405390166,0.003573904704425715,-0.22612299921743917,0.0,0.0,0.0
2061.0,12.52620956911108,-6.285380825971528,0.0,0.0,-0.00020808159809733917,0.0,0.0,-6.627931593274414,20.5794109308,0.0,0.0,0.34255076730288625,0.0,-0.000572272962136146,0.0,0.038500290392591105,0.0035720000009143715,-0.22612847962680718,0.0,0.0,0.0
2062.0,12.526010874248463,-6.28555135480963,0.0,0.0,-0.00020188839262485258,0.0,0.0,-6.628136583998762,20.5794109308,0.0,0.0,0.34258522918913226,0.0,-0.0005552490091019071,0.0,0.038501185377440364,0.0035701835501029677,-0.22613382016454592,0.0,0.0,0.0
2063.0,12.52581255465635,-6.2857155498018615,0.0,0.0,-0.00019562674450550243,0.0,0.0,-6.628335347245286,20.5794109308,0.0,0.0,0.3426197974434242,0.0,-0.0005380362606264034,0.0,0.038502048682608876,0.0035684561554183564,-0.226139019158372,0.0,0.0,0.0
2064.0,12.525614644496503,-6.285873347795213,0.0,0.0,-0.00018929727340514523,0.0,0.0,-6.62852781487995,20.5794109308,0.0,0.0,0.34265446708473757,0.0,-0.0005206364121757949,0.0,0.03850287998551012,0.0035668186104734906,-0.22614407494923888,0.0,0.0,0.0
2065.0,12.525417178058621,-6.28602468630858,0.0,0.0,-0.00018290061363293532,0.0,0.0,-6.628713919395709,20.5794109308,0.0,0.0,0.3426892330871292,0.0,-0.0005030511998188978,0.0,0.03850367896688306,0.003565271698881281,-0.22614898589168364,0.0,0.0,0.0
2066.0,12.525220189755522,-6.2861695035468435,0.0,0.0,-0.00017643741412243287,0.0,0.0,-6.628893593927141,20.5794109308,0.0,0.0,0.3427240903802975,0.0,-0.0004852824001840125,0.0,0.03850444531086336,0.0035638161940687585,-0.2261537503541737,0.0,0.0,0.0
2067.0,12.52502371411829,-6.286307738414914,0.0,0.0,-0.00016990833841015596,0.0,0.0,-6.629066772265058,20.5794109308,0.0,0.0,0.34275903385014406,0.0,-0.0004673318304085881,0.0,0.0385051787050546,0.0035624528590921106,-0.2261583667194531,0.0,0.0,0.0
2068.0,12.52482778579137,-6.286439330531748,0.0,0.0,-0.0001633140646115626,0.0,0.0,-6.6292333888711035,20.5794109308,0.0,0.0,0.34279405833935517,0.0,-0.00044920134808167724,0.0,0.03850587884059917,0.003561182446451941,-0.22616283338488877,0.0,0.0,0.0
2069.0,12.52463243952762,-6.2865642202443235,0.0,0.0,-0.00015665528539445092,0.0,0.0,-6.629393378892313,20.5794109308,0.0,0.0,0.3428291586479899,0.0,-0.00043089285117914246,0.0,0.03850654541224914,0.0035600056979097072,-0.22616714876281602,0.0,0.0,0.0
2070.0,12.524437710183323,-6.2866823486415795,0.0,0.0,-0.000149932707949768,0.0,0.0,-6.629546678175656,20.5794109308,0.0,0.0,0.3428643295340761,0.0,-0.00041240827799157975,0.0,0.03850717811843686,0.0035589233443044793,-0.2261713112808839,0.0,0.0,0.0
2071.0,12.524243632713151,-6.2867936575683165,0.0,0.0,-0.00014314705395981553,0.0,0.0,-6.629693223282537,20.5794109308,0.0,0.0,0.3428995657142204,0.0,-0.00039374960704492,0.0,0.0385077766613454,0.003557936105370585,-0.22617531938240015,0.0,0.0,0.0
2072.0,12.524050242165085,-6.286898089639054,0.0,0.0,-0.00013629905956384533,0.0,0.0,-6.629832951503279,20.5794109308,0.0,0.0,0.34293486186422495,0.0,-0.00037491885701368286,0.0,0.03850834074697878,0.003557044689556005,-0.22617917152667547,0.0,0.0,0.0
2073.0,12.523857573675297,-6.2869955882518385,0.0,0.0,-0.00012938947532103187,0.0,0.0,-6.629965800871556,20.5794109308,0.0,0.0,0.3429702126197176,0.0,-0.00035591808662683823,0.0,0.03850887008523194,0.0035562497938416843,-0.22618286618936695,0.0,0.0,0.0
2074.0,12.523665662462985,-6.287086097602004,0.0,0.0,-0.0001224190661708124,0.0,0.0,-6.630091710178793,20.5794109308,0.0,0.0,0.3430056125767891,0.0,-0.00033674939456624546,0.0,0.03850936438996054,0.0035555521035614684,-0.22618640186282146,0.0,0.0,0.0
2075.0,12.523474543825174,-6.287169562695888,0.0,0.0,-0.00011538861139059057,0.0,0.0,-6.630210618988529,20.5794109308,0.0,0.0,0.34304105629264114,0.0,-0.00031741491935764965,0.0,0.03850982337905049,0.003554952292223204,-0.22618977705641774,0.0,0.0,0.0
2076.0,12.523284253131468,-6.287245929364482,0.0,0.0,-0.00010829890455078849,0.0,0.0,-6.630322467650729,20.5794109308,0.0,0.0,0.3430765382862475,0.0,-0.0002979168392541874,0.0,0.03851024677448719,0.0035544510213304376,-0.22619299029690781,0.0,0.0,0.0
2077.0,12.523094825818772,-6.2873151442770405,0.0,0.0,-0.0001011507534672448,0.0,0.0,-6.630427197316058,20.5794109308,0.0,0.0,0.34311205303901726,0.0,-0.0002782573721123887,0.0,0.0385106343024245,0.003554048940205376,-0.22619604012875805,0.0,0.0,0.0
2078.0,12.522906297385962,-6.287377154954618,0.0,0.0,-9.394498015095012e-05,0.0,0.0,-6.630524749950095,20.5794109308,0.0,0.0,0.343147594995477,0.0,-0.0002584387752606438,0.0,0.03851098569325352,0.003553746685812653,-0.22619892511448847,0.0,0.0,0.0
2079.0,12.522718703388527,-6.287431909783551,0.0,0.0,-8.668242075511114e-05,0.0,0.0,-6.63061506834751,20.5794109308,0.0,0.0,0.3431831585639582,0.0,-0.00023846334536010454,0.0,0.0385113006816709,0.0035535448825841226,-0.22620164383501196,0.0,0.0,0.0
2080.0,12.522532079433175,-6.287479358028878,0.0,0.0,-7.936392551953614e-05,0.0,0.0,-6.63069809614617,20.5794109308,0.0,0.0,0.343218738117292,0.0,-0.00021833341825799315,0.0,0.038511579006746975,0.003553444142244802,-0.2262041948899718,0.0,0.0,0.0
2081.0,12.522346461172384,-6.287519449847687,0.0,0.0,-7.199035871234183e-05,0.0,0.0,-6.6307737778412035,20.5794109308,0.0,0.0,0.34325432799351674,0.0,-0.0001980513688333124,0.0,0.03851182041199358,0.0035534450636398457,-0.22620657689807838,0.0,0.0,0.0
2082.0,12.522161884298942,-6.287552136302397,0.0,0.0,-6.456259856896911e-05,0.0,0.0,-6.630842058798995,20.5794109308,0.0,0.0,0.3432899224965986,0.0,-0.00017761961083491518,0.0,0.038512024645431346,0.0035535482325626394,-0.22620878849744486,0.0,0.0,0.0
2083.0,12.521978384540427,-6.287577369373971,0.0,0.0,-5.7081537228503624e-05,0.0,0.0,-6.630902885271122,20.5794109308,0.0,0.0,0.3433255158971509,0.0,-0.0001570405967119166,0.0,0.03851219145965693,0.003553754221584146,-0.22621082834592116,0.0,0.0,0.0
2084.0,12.52179599765367,-6.287595101975048,0.0,0.0,-4.954808066730139e-05,0.0,0.0,-6.630956204408226,20.5794109308,0.0,0.0,0.3433611024331782,0.0,-0.0001363168174364426,0.0,0.038512320611909595,0.0035540635898832357,-0.22621269512142755,0.0,0.0,0.0
2085.0,12.521614759419174,-6.287605287963,0.0,0.0,-4.1963148629911436e-05,0.0,0.0,-6.631001964273812,20.5794109308,0.0,0.0,0.34339667631081205,0.0,-0.0001154508023186864,0.0,0.03851241186413761,0.003554476883078639,-0.22621438752228573,0.0,0.0,0.0
2086.0,12.521434705635498,-6.287607882152916,0.0,0.0,-3.432767455728948e-05,0.0,0.0,-6.631040113857988,20.5794109308,0.0,0.0,0.343432231705072,0.0,-9.444511881425037e-05,0.0,0.03851246498306419,0.00355499463306172,-0.22621590426754953,0.0,0.0,0.0
2087.0,12.521255872113615,-6.287602840330491,0.0,0.0,-2.6642605512304932e-05,0.0,0.0,-6.631070603091119,20.5794109308,0.0,0.0,0.3434677627606275,0.0,-7.33023723237733e-05,0.0,0.038512479740252965,0.003555617357830887,-0.22621724409733351,0.0,0.0,0.0
2088.0,12.521078294671234,-6.2875901192648405,0.0,0.0,-1.8908902102533514e-05,0.0,0.0,-6.631093382857409,20.5794109308,0.0,0.0,0.34350326359256833,0.0,-5.2025205984816e-05,0.0,0.038512455912173185,0.0035563455613272094,-0.22621840577314029,0.0,0.0,0.0
2089.0,12.520902009127088,-6.287569676721223,0.0,0.0,-1.112753840033749e-05,0.0,0.0,-6.631108405008411,20.5794109308,0.0,0.0,0.34353872828718846,0.0,-3.06163004560046e-05,0.0,0.038512393280264304,0.003557179733271465,-0.22621938807818637,0.0,0.0,0.0
2090.0,12.520727051295193,-6.2875414714736735,0.0,0.0,-3.2995018602273884e-06,0.0,0.0,-6.631115622376449,20.5794109308,0.0,0.0,0.3435741509027759,0.0,-9.078373693409066e-06,0.0,0.038512291631000305,0.003558120349002422,-0.22622018981772596,0.0,0.0,0.0
2091.0,12.520553456979082,-6.287505463317544,0.0,0.0,4.5742067664901555e-06,0.0,0.0,-6.631114988787957,20.5794109308,0.0,0.0,0.3436095254704128,0.0,1.2585819280836057e-05,0.0,0.03851215075595344,0.0035591678693169537,-0.22622080981937326,0.0,0.0,0.0
2092.0,12.520381261965998,-6.287461613081946,0.0,0.0,1.249257351978904e-05,0.0,0.0,-6.631106459076729,20.5794109308,0.0,0.0,0.34364484599478295,0.0,3.4373486617703385e-05,0.0,0.038511970451857495,0.003560322740311206,-0.22622124693342324,0.0,0.0,0.0
2093.0,12.520210502021069,-6.287409882642098,0.0,0.0,2.0454571321712393e-05,0.0,0.0,-6.631089989097089,20.5794109308,0.0,0.0,0.3436801064549906,0.0,5.628179988820816e-05,0.0,0.03851175052067071,0.0035615853932235986,-0.22622150003317004,0.0,0.0,0.0
2094.0,12.520041212881452,-6.287350234931574,0.0,0.0,2.8459160069886487e-05,0.0,0.0,-6.631065535736959,20.5794109308,0.0,0.0,0.3437153008053855,0.0,7.830789433814883e-05,0.0,0.038511490769637995,0.0035629562442790613,-0.2262215680152238,0.0,0.0,0.0
2095.0,12.519873430250449,-6.287282633954438,0.0,0.0,3.650528673374504e-05,0.0,0.0,-6.631033056930835,20.5794109308,0.0,0.0,0.343750422976397,0.0,0.00010044886915061724,0.0,0.038511191011352815,0.0035644356945353645,-0.22622144979982547,0.0,0.0,0.0
2096.0,12.519707189791596,-6.287207044797285,0.0,0.0,4.459188545347681e-05,0.0,0.0,-6.630992511672665,20.5794109308,0.0,0.0,0.3437854668753797,0.0,0.0001227017877163186,0.0,0.03851085106381841,0.003566024129730491,-0.22622114433115936,0.0,0.0,0.0
2097.0,12.519542527122725,-6.287123433641172,0.0,0.0,5.2717877641685465e-05,0.0,0.0,-6.630943860028632,20.5794109308,0.0,0.0,0.3438204263874596,0.0,0.00014506367791167625,0.0,0.03851047075050864,0.0035677219201321053,-0.22622065057766402,0.0,0.0,0.0
2098.0,12.519379477810013,-6.287031767773424,0.0,0.0,6.088217208776146e-05,0.0,0.0,-6.630887063149824,20.5794109308,0.0,0.0,0.34385529537639936,0.0,0.00016753153238472445,0.0,0.03851004990042807,0.0035695294203884065,-0.22621996753234042,0.0,0.0,0.0
2099.0,12.519218077361986,-6.286932015599344,0.0,0.0,6.908366506496411e-05,0.0,0.0,-6.630822083284808,20.5794109308,0.0,0.0,0.3438900676854635,0.0,0.00019010230884878925,0.0,0.03850958834817168,0.0035714469693809286,-0.22621909421305833,0.0,0.0,0.0
2100.0,12.51905836122352,-6.286824146653795,0.0,0.0,7.732124044021068e-05,0.0,0.0,-6.630748883792091,20.5794109308,0.0,0.0,0.34392473713829563,0.0,0.0002127729303839531,0.0,0.03850908593398388,0.0035734748900791147,-0.22621802966286012,0.0,0.0,0.0
2101.0,12.518900364769813,-6.286708131612667,0.0,0.0,8.559376978657245e-05,0.0,0.0,-6.630667429152468,20.5794109308,0.0,0.0,0.3439592975398007,0.0,0.0002355402857463064,0.0,0.03850854250381698,0.0035756134893963343,-0.22621677295026232,0.0,0.0,0.0
2102.0,12.518744123300328,-6.286583942304221,0.0,0.0,9.390011249846087e-05,0.0,0.0,-6.630577684981262,20.5794109308,0.0,0.0,0.34399374267704097,0.0,0.00025840122968494447,0.0,0.03850795790938906,0.0035778630580482473,-0.22621532316955473,0.0,0.0,0.0
2103.0,12.518589672032729,-6.286451551720307,0.0,0.0,0.00010223911590951454,0.0,0.0,-6.630479618040439,20.5794109308,0.0,0.0,0.3440280663201314,0.0,0.0002813525832667429,0.0,0.03850733200824119,0.0035802238704127076,-0.2262136794410971,0.0,0.0,0.0
2104.0,12.518437046096782,-6.286310934027464,0.0,0.0,0.00011060961541317251,0.0,0.0,-6.630373196250614,20.5794109308,0.0,0.0,0.34406226222314995,0.0,0.00030439113420887464,0.0,0.03850666466379407,0.0035826961843915123,-0.22621184091161306,0.0,0.0,0.0
2105.0,12.518286280528255,-6.286162064577872,0.0,0.0,0.00011901043458592897,0.0,0.0,-6.630258388702926,20.5794109308,0.0,0.0,0.3440963241250543,0.0,0.0003275136372190589,0.0,0.03850595574540394,0.003585280241274358,-0.2262098067544816,0.0,0.0,0.0
2106.0,12.518137410262783,-6.286004919920195,0.0,0.0,0.0001274403853132675,0.0,0.0,-6.630135165670795,20.5794109308,0.0,0.0,0.34413024575060014,0.0,0.00035071681434354084,0.0,0.03850520512841797,0.0035879762656045033,-0.22620757617002596,0.0,0.0,0.0
2107.0,12.517990470129726,-6.28583947781027,0.0,0.0,0.00013589826791826208,0.0,0.0,-6.630003498621547,20.5794109308,0.0,0.0,0.3441640208112773,0.0,0.0003739973553227679,0.0,0.03850441269422882,0.0035907844650466397,-0.2262051483857993,0.0,0.0,0.0
2108.0,12.517845494846009,-6.285665717221669,0.0,0.0,0.00014438287129284,0.0,0.0,-6.62986336022791,20.5794109308,0.0,0.0,0.34419764300624145,0.0,0.000397351917954754,0.0,0.03850357833032868,0.003593705030256522,-0.2262025226568683,0.0,0.0,0.0
2109.0,12.517702519009942,-6.285483618356118,0.0,0.0,0.00015289297303169982,0.0,0.0,-6.629714724379382,20.5794109308,0.0,0.0,0.34423110602326457,0.0,0.00042077712846611513,0.0,0.03850270193036246,0.003596738134753044,-0.2261996982660931,0.0,0.0,0.0
2110.0,12.517561577095037,-6.285293162653776,0.0,0.0,0.00016142733956887463,0.0,0.0,-6.629557566193458,20.5794109308,0.0,0.0,0.3442644035396816,0.0,0.0004442695818907502,0.0,0.03850178339418038,0.003599883934792006,-0.22619667452440495,0.0,0.0,0.0
2111.0,12.517422703443792,-6.285094332803365,0.0,0.0,0.00016998472631693043,0.0,0.0,-6.629391862026719,20.5794109308,0.0,0.0,0.3442975292233541,0.0,0.00046782584245614385,0.0,0.038500822627889814,0.003603142569242282,-0.22619345077108038,0.0,0.0,0.0
2112.0,12.517285932261485,-6.284887112752157,0.0,0.0,0.00017856387780879342,0.0,0.0,-6.62921758948579,20.5794109308,0.0,0.0,0.3443304767336324,0.0,0.0004914424439772739,0.0,0.03849981954390636,0.003606514159464211,-0.2261900263740126,0.0,0.0,0.0
2113.0,12.517151297609937,-6.284671487715807,0.0,0.0,0.00018716352784219135,0.0,0.0,-6.629034727438137,20.5794109308,0.0,0.0,0.3443632397223304,0.0,0.0005151158902580855,0.0,0.03849877406100424,0.00360999880918976,-0.22618640072997961,0.0,0.0,0.0
2114.0,12.517018833401277,-6.284447444188038,0.0,0.0,0.0001957823996267044,0.0,0.0,-6.628843256022739,20.5794109308,0.0,0.0,0.34439581183470125,0.0,0.0005388426555005202,0.0,0.03849768610436586,0.003613596604405439,-0.22618257326490931,0.0,0.0,0.0
2115.0,12.516888573391691,-6.284214969950167,0.0,0.0,0.0002044192059334083,0.0,0.0,-6.628643156660595,20.5794109308,0.0,0.0,0.3444281867104282,0.0,0.0005626191847210545,0.0,0.038496555605630665,0.0036173076132371834,-0.22617854343414107,0.0,0.0,0.0
2116.0,12.516760551175162,-6.283974054080478,0.0,0.0,0.00021307264924710025,0.0,0.0,-6.62843441206509,20.5794109308,0.0,0.0,0.3444603579846124,0.0,0.0005864418941747224,0.0,0.03849538250294313,0.0036211318858374725,-0.22617431072268412,0.0,0.0,0.0
2117.0,12.516634800177203,-6.28372468696343,0.0,0.0,0.00022174142192109736,0.0,0.0,-6.628217006252203,20.5794109308,0.0,0.0,0.344492319288773,0.0,0.0006103071717865937,0.0,0.03849416674100008,0.0036250694542750983,-0.22616987464547283,0.0,0.0,0.0
2118.0,12.516511353648582,-6.283466860298708,0.0,0.0,0.0002304242063345934,0.0,0.0,-6.627990924550558,20.5794109308,0.0,0.0,0.3445240642518508,0.0,0.0006342113775906711,0.0,0.03849290827109706,0.003629120332426905,-0.22616523474761785,0.0,0.0,0.0
2119.0,12.516390244659043,-6.283200567110105,0.0,0.0,0.0002391196750525584,0.0,0.0,-6.627756153611324,20.5794109308,0.0,0.0,0.34455558650121887,0.0,0.0006581508441761627,0.0,0.038491607051174014,0.003633284515872068,-0.22616039060465457,0.0,0.0,0.0
2120.0,12.516271506091021,-6.282925801754243,0.0,0.0,0.0002478264909881723,0.0,0.0,-6.627512681417942,20.5794109308,0.0,0.0,0.34458687966369883,0.0,0.0006821218771411054,0.0,0.038490263045860014,0.0036375619817889254,-0.22615534182278751,0.0,0.0,0.0
2121.0,12.516155170633349,-6.282642559929114,0.0,0.0,0.00025654330756777114,0.0,0.0,-6.627260497295697,20.5794109308,0.0,0.0,0.34461793736658297,0.0,0.0007061207555532804,0.0,0.03848887622651725,0.003641952688854075,-0.22615008803913123,0.0,0.0,0.0
2122.0,12.516041270774963,-6.2823508386824605,0.0,0.0,0.00026526876889829875,0.0,0.0,-6.6269995919211215,20.5794109308,0.0,0.0,0.34464875323866107,0.0,0.0007301437324184021,0.0,0.038487446571284056,0.00364645657714395,-0.2261446289219473,0.0,0.0,0.0
2123.0,12.515929838798609,-6.282050636419976,0.0,0.0,0.0002740015099372417,0.0,0.0,-6.626729957331231,20.5794109308,0.0,0.0,0.3446793209112551,0.0,0.0007541870351555159,0.0,0.038485974065117196,0.003651073568039037,-0.2261389641708781,0.0,0.0,0.0
2124.0,12.515820906774543,-6.281741952913332,0.0,0.0,0.0002827401566650366,0.0,0.0,-6.626451586932586,20.5794109308,0.0,0.0,0.3447096340192548,0.0,0.0007782468660795749,0.0,0.03848445869983314,0.003655803564130519,-0.2261330935171762,0.0,0.0,0.0
2125.0,12.515714506554232,-6.2814247893080175,0.0,0.0,0.00029148332625993,0.0,0.0,-6.6261644755101825,20.5794109308,0.0,0.0,0.344739686202165,0.0,0.0008023194028911415,0.0,0.03848290047414855,0.003660646449129515,-0.22612701672393026,0.0,0.0,0.0
2126.0,12.515610669764058,-6.2810991481310126,0.0,0.0,0.000300229627275273,0.0,0.0,-6.625868619236165,20.5794109308,0.0,0.0,0.34476947110515255,0.0,0.0008264007991731607,0.0,0.03848129939371976,0.003665602087778913,-0.22612073358628682,0.0,0.0,0.0
2127.0,12.515509427799016,-6.280765033298264,0.0,0.0,0.0003089776598192404,0.0,0.0,-6.625564015678363,20.5794109308,0.0,0.0,0.344798982380099,0.0,0.0008504871848947775,0.0,0.03847965547118146,0.0036706703257678303,-0.2261142439316679,0.0,0.0,0.0
2128.0,12.515410811816423,-6.280422450121984,0.0,0.0,0.0003177260157369446,0.0,0.0,-6.625250663808645,20.5794109308,0.0,0.0,0.34482821368666094,0.0,0.0008745746669221116,0.0,0.038477968726184364,0.0036758509896487046,-0.2261075476199855,0.0,0.0,0.0
2129.0,12.51531485272963,-6.280071405317757,0.0,0.0,0.00032647327879493574,0.0,0.0,-6.624928564011087,20.5794109308,0.0,0.0,0.34485715869333067,0.0,0.000898659329535967,0.0,0.03847623918543198,0.0036811438867570823,-0.22610064454385037,0.0,0.0,0.0
2130.0,12.515221581201724,-6.279711907011457,0.0,0.0,0.0003352180248680615,0.0,0.0,-6.624597718089964,20.5794109308,0.0,0.0,0.34488581107850713,0.0,0.0009227372349563982,0.0,0.03847446688271638,0.0036865488051341933,-0.22609353462877818,0.0,0.0,0.0
2131.0,12.515131027639255,-6.2793439647459754,0.0,0.0,0.0003439588221286754,0.0,0.0,-6.624258129277539,20.5794109308,0.0,0.0,0.34491416453156365,0.0,0.000946804423874101,0.0,0.03847265185895311,0.003692065513452039,-0.22608621783339067,0.0,0.0,0.0
2132.0,12.515043222185959,-6.278967589487749,0.0,0.0,0.0003526942312381632,0.0,0.0,-6.623909802241676,20.5794109308,0.0,0.0,0.344942212753927,0.0,0.0009708569159885386,0.0,0.03847079416221501,0.0036976937609414645,-0.22607869414961257,0.0,0.0,0.0
2133.0,12.514958194716487,-6.278582793633095,0.0,0.0,0.0003614228055407733,0.0,0.0,-6.623552743093253,20.5794109308,0.0,0.0,0.34496994946015747,0.0,0.0009948907105527655,0.0,0.03846889384776513,0.003703433277323004,-0.22607096360286427,0.0,0.0,0.0
2134.0,12.514875974830142,-6.278189591014347,0.0,0.0,0.0003701430912597294,0.0,0.0,-6.6231869593933785,20.5794109308,0.0,0.0,0.3449973683790315,0.0,0.0010189017869248799,0.0,0.038466950978088645,0.0037092837727403377,-0.22606302625225033,0.0,0.0,0.0
2135.0,12.514796591844634,-6.277787996905786,0.0,0.0,0.00037885362769560167,0.0,0.0,-6.622812460160419,20.5794109308,0.0,0.0,0.34502446325463243,0.0,0.001042886105126039,0.0,0.0384649656229237,0.0037152449376968294,-0.22605488219074288,0.0,0.0,0.0
2136.0,12.514720074789834,-6.277378028029378,0.0,0.0,0.00038755294742691675,0.0,0.0,-6.622429255876816,20.5794109308,0.0,0.0,0.34505122784743847,0.0,0.0010668396064049796,0.0,0.03846293785929135,0.00372131644299481,-0.2260465315453615,0.0,0.0,0.0
2137.0,12.514646452401545,-6.27695970256029,0.0,0.0,0.0003962395765129798,0.0,0.0,-6.62203735849571,20.5794109308,0.0,0.0,0.3450776559354205,0.0,0.0010907582138089606,0.0,0.038460867771524375,0.0037274979396777763,-0.22603797447734747,0.0,0.0,0.0
2138.0,12.514575753115285,-6.276533040132219,0.0,0.0,0.0004049120346988865,0.0,0.0,-6.621636781447356,20.5794109308,0.0,0.0,0.3451037413151372,0.0,0.0011146378327610688,0.0,0.0384587554512951,0.003733789058975409,-0.22602921118233418,0.0,0.0,0.0
2139.0,12.514508005060081,-6.276098061842495,0.0,0.0,0.00041356883562270613,0.0,0.0,-6.621227539645335,20.5794109308,0.0,0.0,0.34512947780284,0.0,0.0011384743516438245,0.0,0.038456600997642205,0.0037401894122518486,-0.22602024189051267,0.0,0.0,0.0
2140.0,12.51444323605228,-6.27565479025698,0.0,0.0,0.0004222084870248049,0.0,0.0,-6.620809649492555,20.5794109308,0.0,0.0,0.3451548592355751,0.0,0.0011622636423890018,0.0,0.038454404516996395,0.0037466985909565126,-0.22601106686679204,0.0,0.0,0.0
2141.0,12.514381473589372,-6.275203249414755,0.0,0.0,0.00043082949095928904,0.0,0.0,-6.620383128887047,20.5794109308,0.0,0.0,0.34517987947229223,0.0,0.001186001561073598,0.0,0.03845216612320504,0.003753316166578216,-0.2260016864109557,0.0,0.0,0.0
2142.0,12.514322744843833,-6.2747434648325875,0.0,0.0,0.0004394303440075375,0.0,0.0,-6.61994799722754,20.5794109308,0.0,0.0,0.34520453239495286,0.0,0.0012096839485218648,0.0,0.03844988593755584,0.003760041690602095,-0.22599210085781252,0.0,0.0,0.0
2143.0,12.514267076656978,-6.274275463509186,0.0,0.0,0.0004480095374938064,0.0,0.0,-6.61950427541883,20.5794109308,0.0,0.0,0.34522881190964405,0.0,0.0012333066309133465,0.0,0.03844756408879922,0.003766874694469874,-0.22598231057734275,0.0,0.0,0.0
2144.0,12.514214495532844,-6.2737992739292325,0.0,0.0,0.0004565655577028681,0.0,0.0,-6.619051985876925,20.5794109308,0.0,0.0,0.34525271194769225,0.0,0.0012568654203968153,0.0,0.03844520071316975,0.003773814689542729,-0.2259723159748397,0.0,0.0,0.0
2145.0,12.514165027632082,-6.273314926067196,0.0,0.0,0.0004650968860996713,0.0,0.0,-6.618591152533977,20.5794109308,0.0,0.0,0.3452762264667806,0.0,0.0012803561157100592,0.0,0.038442795954406445,0.0037808611670677172,-0.22596211749104572,0.0,0.0,0.0
2146.0,12.514118698765873,-6.2728224513909225,0.0,0.0,0.00047360199955098244,0.0,0.0,-6.618121800842991,20.5794109308,0.0,0.0,0.34529934945206886,0.0,0.0013037745028054088,0.0,0.03844034996377194,0.0037880135981469137,-0.22595171560228375,0.0,0.0,0.0
2147.0,12.514075534389868,-6.272321882864999,0.0,0.0,0.0004820793705489861,0.0,0.0,-6.617643957782313,20.5794109308,0.0,0.0,0.3453220749173145,0.0,0.0013271163554809315,0.0,0.03843786290007053,0.003795271433710043,-0.22594111082058332,0.0,0.0,0.0
2148.0,12.51403555959814,-6.271813254953896,0.0,0.0,0.0004905274674368199,0.0,0.0,-6.617157651859887,20.5794109308,0.0,0.0,0.3453443969059906,0.0,0.0013503774360172193,0.0,0.03843533492966508,0.003802634104489805,-0.22593030369380174,0.0,0.0,0.0
2149.0,12.513998799117177,-6.271296603624878,0.0,0.0,0.0004989447546360075,0.0,0.0,-6.6166629131172945,20.5794109308,0.0,0.0,0.34536630949241687,0.0,0.0013735534958196627,0.0,0.03843276622649284,0.00381010102100085,-0.22591929480573966,0.0,0.0,0.0
2150.0,12.51396527729988,-6.270771966350684,0.0,0.0,0.0005073296928757665,0.0,0.0,-6.616159773133562,20.5794109308,0.0,0.0,0.3453878067828784,0.0,0.001396640276066137,0.0,0.038430156972080055,0.003817671573521572,-0.22590808477625213,0.0,0.0,0.0
2151.0,12.513935018119604,-6.270239382111978,0.0,0.0,0.0005156807394241589,0.0,0.0,-6.615648265028737,20.5794109308,0.0,0.0,0.3454088829167592,0.0,0.0014196335083600064,0.0,0.0384275073555554,0.0038253451320792997,-0.22589667426135346,0.0,0.0,0.0
2152.0,12.513908045164209,-6.2696988913995675,0.0,0.0,0.0005239963483210546,0.0,0.0,-6.6151284234672305,20.5794109308,0.0,0.0,0.345429532067663,0.0,0.0014425289153883547,0.0,0.03842481757366235,0.0038331210464386672,-0.22588506395331764,0.0,0.0,0.0
2153.0,12.513884381630152,-6.269150536216386,0.0,0.0,0.0005322749706128783,0.0,0.0,-6.614600284660932,20.5794109308,0.0,0.0,0.3454497484445467,0.0,0.0014653222115853495,0.0,0.038422087830770224,0.0038409986460931633,-0.22587325458077268,0.0,0.0,0.0
2154.0,12.513864050316604,-6.268594360079236,0.0,0.0,0.0005405150545891056,0.0,0.0,-6.614063886372082,20.5794109308,0.0,0.0,0.3454695262928462,0.0,0.0014880091038006426,0.0,0.03841931833888423,0.0038489772402601763,-0.22586124690878984,0.0,0.0,0.0
2155.0,12.513847073619585,-6.268030408020302,0.0,0.0,0.0005487150460204831,0.0,0.0,-6.61351926791591,20.5794109308,0.0,0.0,0.3454888598956076,0.0,0.0015105852919727227,0.0,0.03841650931765412,0.0038570561178788015,-0.22584904173896742,0.0,0.0,0.0
2156.0,12.51383347352615,-6.267458726588418,0.0,0.0,0.0005568733883989329,0.0,0.0,-6.612966470163036,20.5794109308,0.0,0.0,0.34550774357461744,0.0,0.0015330464698071044,0.0,0.038413660994381815,0.003865234547611701,-0.22583663990950903,0.0,0.0,0.0
2157.0,12.513823271608588,-6.2668793638500935,0.0,0.0,0.0005649885231791163,0.0,0.0,-6.612405535541625,20.5794109308,0.0,0.0,0.34552617169153166,0.0,0.0015553883254592728,0.0,0.03841077360402775,0.003873511777849517,-0.22582404229529612,0.0,0.0,0.0
2158.0,12.51381648901867,-6.2662923693903,0.0,0.0,0.0005730588900216187,0.0,0.0,-6.611836508039306,20.5794109308,0.0,0.0,0.34554413864900635,0.0,0.0015776065422222697,0.0,0.03840784738921592,0.0038818870367192393,-0.22581124980795514,0.0,0.0,0.0
2159.0,12.51381314648191,-6.265697794313015,0.0,0.0,0.0005810829270377244,0.0,0.0,-6.611259433204842,20.5794109308,0.0,0.0,0.34556163889182745,0.0,0.0015996967992188283,0.0,0.03840488260023791,0.0038903595320954054,-0.2257982633959188,0.0,0.0,0.0
2160.0,12.513813264291885,-6.265095691241518,0.0,0.0,0.0005890590710357502,0.0,0.0,-6.6106743581495575,20.5794109308,0.0,0.0,0.3455786669080396,0.0,0.0016216547720979526,0.0,0.03840187949505553,0.0038989284516150885,-0.225785084044482,0.0,0.0,0.0
2161.0,12.513816862304573,-6.264486114318439,0.0,0.0,0.0005969857577688992,0.0,0.0,-6.610081331548516,20.5794109308,0.0,0.0,0.3455952172300769,0.0,0.0016434761337358321,0.0,0.03839883833930223,0.00390759296269598,-0.22577171277585162,0.0,0.0,0.0
2162.0,12.51382395993273,-6.263869119205562,0.0,0.0,0.0006048614221846034,0.0,0.0,-6.609480403641452,20.5794109308,0.0,0.0,0.34561128443588984,0.0,0.001665156554940989,0.0,0.03839575940628336,0.003916352212557955,-0.22575815064919103,0.0,0.0,0.0
2163.0,12.513834576140315,-6.263244763083382,0.0,0.0,0.0006126844986753207,0.0,0.0,-6.6088716262334515,20.5794109308,0.0,0.0,0.34562686315006985,0.0,0.0016866917051635583,0.0,0.0383926429769751,0.003925205328248152,-0.2257443987606583,0.0,0.0,0.0
2164.0,12.513848729436944,-6.262613104650399,0.0,0.0,0.0006204534213307493,0.0,0.0,-6.608255052695379,20.5794109308,0.0,0.0,0.34564194804497994,0.0,0.0017080772532085788,0.0,0.038389489340022176,0.003934151416669127,-0.22573045824343885,0.0,0.0,0.0
2165.0,12.513866437872386,-6.26197420412218,0.0,0.0,0.0006281666241914228,0.0,0.0,-6.607630737964057,20.5794109308,0.0,0.0,0.34565653384187733,0.0,0.0017293088679531904,0.0,0.03838629879173429,0.003943189564611038,-0.22571633026777219,0.0,0.0,0.0
2166.0,12.513887719031102,-6.2613281232301485,0.0,0.0,0.0006358225415036559,0.0,0.0,-6.606998738542185,20.5794109308,0.0,0.0,0.34567061531203613,0.0,0.00175038221906764,0.0,0.038383071636081297,0.0039523188387865504,-0.22570201604097276,0.0,0.0,0.0
2167.0,12.513912590026823,-6.260674925220134,0.0,0.0,0.000643419607975796,0.0,0.0,-6.606359112498005,20.5794109308,0.0,0.0,0.34568418727787087,0.0,0.001771292977739959,0.0,0.038379808184687114,0.003961538285869773,-0.2256875168074447,0.0,0.0,0.0
2168.0,12.51394106749718,-6.260014674850661,0.0,0.0,0.0006509562590357516,0.0,0.0,-6.6057119194647145,20.5794109308,0.0,0.0,0.3456972446140538,0.0,0.0017920368174042223,0.0,0.03837650875682234,0.003970846932538463,-0.2256728338486908,0.0,0.0,0.0
2169.0,12.513973167598362,-6.259347438390979,0.0,0.0,0.0006584309310897541,0.0,0.0,-6.605057220639615,20.5794109308,0.0,0.0,0.3457097822486368,0.0,0.0018126094144722594,0.0,0.038373173679395564,0.003980243785519574,-0.22565796848331515,0.0,0.0,0.0
2170.0,12.51400890599983,-6.258673283618844,0.0,0.0,0.000665842061782321,0.0,0.0,-6.604395078783005,20.5794109308,0.0,0.0,0.34572179516416135,0.0,0.00183300644906871,0.0,0.03836980328694347,0.003989727831638409,-0.22564292206702027,0.0,0.0,0.0
2171.0,12.514048297879079,-6.257992279818033,0.0,0.0,0.0006731880902573799,0.0,0.0,-6.6037255582168095,20.5794109308,0.0,0.0,0.3457332783987761,0.0,0.0018532236057693082,0.0,0.03836639792161955,0.003999298037871496,-0.2256276959925974,0.0,0.0,0.0
2172.0,12.514091357916438,-6.257304497775604,0.0,0.0,0.0006804674574205138,0.0,0.0,-6.60304872482295,20.5794109308,0.0,0.0,0.3457442270473461,0.0,0.001873256574342266,0.0,0.038362957933181535,0.004008953351402458,-0.22561229168991137,0.0,0.0,0.0
2173.0,12.51413810028993,-6.256610009778894,0.0,0.0,0.0006876786062022926,0.0,0.0,-6.602364646041455,20.5794109308,0.0,0.0,0.3457546362625603,0.0,0.0018931010504926516,0.0,0.038359483678977624,0.004018692699681831,-0.22559671062587897,0.0,0.0,0.0
2174.0,12.514188538670165,-6.255908889612258,0.0,0.0,0.0006948199818226465,0.0,0.0,-6.601673390868295,20.5794109308,0.0,0.0,0.34576450125603664,0.0,0.0019127527366096257,0.0,0.03835597552393123,0.004028514990490367,-0.22558095430444097,0.0,0.0,0.0
2175.0,12.514242686215303,-6.255201212553545,0.0,0.0,0.0007018900320562539,0.0,0.0,-6.60097502985297,20.5794109308,0.0,0.0,0.3457738172994249,0.0,0.0019322073425164467,0.0,0.03835243384052455,0.004038419112005573,-0.2255650242665286,0.0,0.0,0.0
2176.0,12.514300555566049,-6.254487055370312,0.0,0.0,0.0007088872074988862,0.0,0.0,-6.600269635095814,20.5794109308,0.0,0.0,0.3457825797255021,0.0,0.0019514605862230715,0.0,0.038348859008780795,0.004048403932872119,-0.22554892209002295,0.0,0.0,0.0
2177.0,12.514362158840715,-6.253766496315775,0.0,0.0,0.0007158099618346865,0.0,0.0,-6.599557280245045,20.5794109308,0.0,0.0,0.34579078392927,0.0,0.001970508194681281,0.0,0.03834525141624501,0.004058468302275534,-0.22553264938970868,0.0,0.0,0.0
2178.0,12.514427507630328,-6.253039615124494,0.0,0.0,0.0007226567521043335,0.0,0.0,-6.59883804049354,20.5794109308,0.0,0.0,0.34579842536904604,0.0,0.0019893459045421716,0.0,0.038341611457963734,0.004068611050019752,-0.22551620781722126,0.0,0.0,0.0
2179.0,12.51449661299379,-6.252306493007795,0.0,0.0,0.0007294260389740491,0.0,0.0,-6.598111992575346,20.5794109308,0.0,0.0,0.34580549956755036,0.0,0.0020079694629159,0.0,0.03833793953646311,0.0040788309866078565,-0.22549959906098782,0.0,0.0,0.0
2180.0,12.514569485453102,-6.25156721264893,0.0,0.0,0.0007361162870054177,0.0,0.0,-6.597379214761918,20.5794109308,0.0,0.0,0.34581200211298757,0.0,0.0020263746281335613,0.0,0.038334236061725896,0.00408912690332669,-0.22548282484616178,0.0,0.0,0.0
2181.0,12.514646134988636,-6.250821858197962,0.0,0.0,0.0007427259649259662,0.0,0.0,-6.596639786858088,20.5794109308,0.0,0.0,0.34581792866012595,0.0,0.00204455717051106,0.0,0.03833050145116695,0.0040994975723348676,-0.22546588693455125,0.0,0.0,0.0
2182.0,12.514726571034469,-6.250070515266391,0.0,0.0,0.0007492535459004679,0.0,0.0,-6.595893790197766,20.5794109308,0.0,0.0,0.34582327493137477,0.0,0.002062512873114855,0.0,0.03832673612960749,0.004109941746754331,-0.22544878712454056,0.0,0.0,0.0
2183.0,12.514810802473775,-6.249313270921516,0.0,0.0,0.0007556975078029278,0.0,0.0,-6.5951413076393655,20.5794109308,0.0,0.0,0.34582803671784923,0.0,0.0020802375325294433,0.0,0.038322940529248006,0.004120458160765644,-0.22543152725100585,0.0,0.0,0.0
2184.0,12.514898837634272,-6.2485502136805176,0.0,0.0,0.0007620563334892113,0.0,0.0,-6.5943824235609565,20.5794109308,0.0,0.0,0.34583220988043895,0.0,0.002097726959626466,0.0,0.03831911508963974,0.004131045529706723,-0.22541410918522406,0.0,0.0,0.0
2185.0,12.514990684283733,-6.247781433504284,0.0,0.0,0.0007683285110702688,0.0,0.0,-6.59361722385515,20.5794109308,0.0,0.0,0.34583579035086576,0.0,0.0021149769803352953,0.0,0.03831526025765492,0.004141702550175125,-0.22539653483477562,0.0,0.0,0.0
2186.0,12.51508634962556,-6.247007021790963,0.0,0.0,0.000774512534185916,0.0,0.0,-6.592845795923702,20.5794109308,0.0,0.0,0.3458387741327389,0.0,0.002131983436414972,0.0,0.038311376487455605,0.0041524279001340925,-0.22537880614344014,0.0,0.0,0.0
2187.0,12.515185840294421,-6.246227071369248,0.0,0.0,0.0007806069022791273,0.0,0.0,-6.592068228671852,20.5794109308,0.0,0.0,0.3458411573026048,0.0,0.0021487421862273603,0.0,0.03830746424046117,0.00416322023902195,-0.22536092509108646,0.0,0.0,0.0
2188.0,12.515289162351939,-6.245441676491392,0.0,0.0,0.0007866101208707996,0.0,0.0,-6.591284612502381,20.5794109308,0.0,0.0,0.3458429360109889,0.0,0.0021652491055113993,0.0,0.03830352398531446,0.004174078207865195,-0.22534289369355553,0.0,0.0,0.0
2189.0,12.515396321282461,-6.24465093282596,0.0,0.0,0.0007925207018349467,0.0,0.0,-6.590495039309394,20.5794109308,0.0,0.0,0.3458441064834341,0.0,0.0021815000881583134,0.0,0.038299556197846585,0.0041850004293951665,-0.22532471400253692,0.0,0.0,0.0
2190.0,12.515507321988881,-6.243854937450298,0.0,0.0,0.0007983371636742726,0.0,0.0,-6.589699602471829,20.5794109308,0.0,0.0,0.34584466502153166,0.0,0.0021974910469876297,0.0,0.038295561361040356,0.004195985508168382,-0.22530638810543904,0.0,0.0,0.0
2191.0,12.51562216878854,-6.243053788842749,0.0,0.0,0.0008040580317960884,0.0,0.0,-6.588898396846697,20.5794109308,0.0,0.0,0.3458446080039481,0.0,0.002213217914523899,0.0,0.038291539964992356,0.004207032030690103,-0.2252879181252525,0.0,0.0,0.0
2192.0,12.515740865409173,-6.242247586874587,0.0,0.0,0.000809681838788527,0.0,0.0,-6.58809151876203,20.5794109308,0.0,0.0,0.3458439318874431,0.0,0.002228676643773963,0.0,0.038287492506873695,0.00421813856554204,-0.2252693062204073,0.0,0.0,0.0
2193.0,12.515863414984958,-6.241436432801686,0.0,0.0,0.0008152071246970101,0.0,0.0,-6.587279066009567,20.5794109308,0.0,0.0,0.345842633207881,0.0,0.002243863209004646,0.0,0.03828341949088935,0.004229303663513054,-0.22525055458462276,0.0,0.0,0.0
2194.0,12.515989820052596,-6.240620429255922,0.0,0.0,0.0008206324373009221,0.0,0.0,-6.586461137837159,20.5794109308,0.0,0.0,0.34584070858123717,0.0,0.002258773606520716,0.0,0.038279321428236195,0.004240525857733851,-0.22523166544675188,0.0,0.0,0.0
2195.0,12.516120082547488,-6.239799680236297,0.0,0.0,0.0008259563323904528,0.0,0.0,-6.585637834940895,20.5794109308,0.0,0.0,0.3458381547045981,0.0,0.0022734038554430066,0.0,0.03827519883705964,0.004251803663814932,-0.225212641070618,0.0,0.0,0.0
2196.0,12.516254203799974,-6.238974291099804,0.0,0.0,0.000831177374043558,0.0,0.0,-6.584809259456953,20.5794109308,0.0,0.0,0.3458349683571491,0.0,0.0022877499984865425,0.0,0.03827105224240897,0.004263135579988392,-0.225193483754846,0.0,0.0,0.0
2197.0,12.516392184531645,-6.2381443685520095,0.0,0.0,0.0008362941349029958,0.0,0.0,-6.583975514953171,20.5794109308,0.0,0.0,0.34583114640116186,0.0,0.0023018081027385345,0.0,0.03826688217619122,0.004274520087253,-0.2251741958326856,0.0,0.0,0.0
2198.0,12.516534024851723,-6.237310020637383,0.0,0.0,0.0008413051964533963,0.0,0.0,-6.583136706420351,20.5794109308,0.0,0.0,0.34582668578296794,0.0,0.0023155742604361153,0.0,0.038262689177123846,0.004285955649522999,-0.22515477967182954,0.0,0.0,0.0
2199.0,12.516679724253526,-6.236471356729341,0.0,0.0,0.0008462091492983142,0.0,0.0,-6.582292940263271,20.5794109308,0.0,0.0,0.34582158353392956,0.0,0.002329044589743667,0.0,0.03825847379068586,0.004297440713780493,-0.22513523767422364,0.0,0.0,0.0
2200.0,12.516829281610999,-6.235628487520031,0.0,0.0,0.0008510045934372262,0.0,0.0,-6.5814443242914304,20.5794109308,0.0,0.0,0.3458158367713997,0.0,0.0023422152355296114,0.0,0.03825423656906778,0.004308973710231145,-0.22511557227587148,0.0,0.0,0.0
2201.0,12.516982695175322,-6.234781525009844,0.0,0.0,0.0008556901385424217,0.0,0.0,-6.580590967709518,20.5794109308,0.0,0.0,0.3458094426996734,0.0,0.0023550823701425218,0.0,0.03824997807112011,0.004320553052463566,-0.2250957859466317,0.0,0.0,0.0
2202.0,12.517139962571601,-6.233930582496662,0.0,0.0,0.0008602644042357452,0.0,0.0,-6.579732981107596,20.5794109308,0.0,0.0,0.34580239861093354,0.0,0.0023676421941864097,0.0,0.03824569886230051,0.0043321771376123586,-0.225075881190009,0.0,0.0,0.0
2203.0,12.517301080795628,-6.23307577456483,0.0,0.0,0.0008647260203651449,0.0,0.0,-6.5788704764510175,20.5794109308,0.0,0.0,0.3457947018861871,0.0,0.0023798909372950657,0.0,0.038241399514619634,0.004343844346524295,-0.2250558605429383,0.0,0.0,0.0
2204.0,12.517466046210723,-6.2322172170738686,0.0,0.0,0.0008690736272809793,0.0,0.0,-6.5780035670700565,20.5794109308,0.0,0.0,0.34578634999618796,0.0,0.0023918248589052914,0.0,0.038237080606585594,0.004355553043928359,-0.2250357265755626,0.0,0.0,0.0
2205.0,12.517634854544665,-6.231355027146913,0.0,0.0,0.000873305876112041,0.0,0.0,-6.577132367649273,20.5794109308,0.0,0.0,0.34577734050235964,0.0,0.0024034402490289114,0.0,0.03823274272314705,0.004367301578609095,-0.22501548189100382,0.0,0.0,0.0
2206.0,12.517807500886686,-6.23048932315889,0.0,0.0,0.0008774214290412435,0.0,0.0,-6.576256994216592,20.5794109308,0.0,0.0,0.34576767105770134,0.0,0.0024147334290233915,0.0,0.03822838645563503,0.004379088283583507,-0.22499512912512748,0.0,0.0,0.0
2207.0,12.51798397968456,-6.229620224724426,0.0,0.0,0.0008814189595809371,0.0,0.0,-6.575377564132115,20.5794109308,0.0,0.0,0.3457573394076885,0.0,0.0024257007523609602,0.0,0.038224012401703374,0.0043909114762814005,-0.22497467094630028,0.0,0.0,0.0
2208.0,12.51816428474177,-6.22874785268549,0.0,0.0,0.0008852971528477993,0.0,0.0,-6.574494196076652,20.5794109308,0.0,0.0,0.3457463433911627,0.0,0.0024363386053960724,0.0,0.03821962116526774,0.004402769458729153,-0.22495411005514127,0.0,0.0,0.0
2209.0,12.518348409214758,-6.227872329098769,0.0,0.0,0.0008890547058372516,0.0,0.0,-6.57360701003998,20.5794109308,0.0,0.0,0.3457346809412112,0.0,0.0024466434081310677,0.0,0.038215213356443484,0.0044146605177370485,-0.22493344918426658,0.0,0.0,0.0
2210.0,12.51853634561026,-6.226993777222788,0.0,0.0,0.0008926903276973683,0.0,0.0,-6.5727161273088255,20.5794109308,0.0,0.0,0.3457223500860378,0.0,0.0024566116149799117,0.0,0.038210789591482,0.004426582925089961,-0.22491269109802742,0.0,0.0,0.0
2211.0,12.518728085782724,-6.226112321504752,0.0,0.0,0.0008962027400022176,0.0,0.0,-6.571821670454578,20.5794109308,0.0,0.0,0.34570934894982575,0.0,0.0024662397155298557,0.0,0.03820635049270585,0.004438534937741406,-0.22489183859224127,0.0,0.0,0.0
2212.0,12.518923620931819,-6.2252280875671415,0.0,0.0,0.0008995906770246014,0.0,0.0,-6.570923763320726,20.5794109308,0.0,0.0,0.34569567575358473,0.0,0.0024755242353008927,0.0,0.038201896688442524,0.00445051479801116,-0.22487089449391695,0.0,0.0,0.0
2213.0,12.519122941600024,-6.224341202194033,0.0,0.0,0.0009028528860081372,0.0,0.0,-6.570022531010022,20.5794109308,0.0,0.0,0.34568132881598945,0.0,0.002484461736502855,0.0,0.03819742881295692,0.004462520733786085,-0.22484986166097265,0.0,0.0,0.0
2214.0,12.51932603767031,-6.223451793317166,0.0,0.0,0.0009059881274386398,0.0,0.0,-6.569118099871377,20.5794109308,0.0,0.0,0.3456663065542118,0.0,0.0024930488187900226,0.0,0.038192947506382434,0.004474550958724538,-0.22482874298194777,0.0,0.0,0.0
2215.0,12.51953289836391,-6.222559990001743,0.0,0.0,0.0009089951753147594,0.0,0.0,-6.568210597486483,20.5794109308,0.0,0.0,0.34565060748473986,0.0,0.0025012821200131024,0.0,0.03818845341465078,0.004486603672463965,-0.22480754137570785,0.0,0.0,0.0
2216.0,12.519743512238172,-6.221665922431982,0.0,0.0,0.0009118728174178287,0.0,0.0,-6.567300152656162,20.5794109308,0.0,0.0,0.3456342302241797,0.0,0.00250915831696845,0.0,0.03818394718942053,0.004498677060831929,-0.22478625979114336,0.0,0.0,0.0
2217.0,12.519957867184518,-6.220769721896395,0.0,0.0,0.000914619855580866,0.0,0.0,-6.566386895386453,20.5794109308,0.0,0.0,0.3456171734900577,0.0,0.0025166741261443627,0.0,0.03817942948800426,0.004510769296060424,-0.2247649012068617,0.0,0.0,0.0
2218.0,12.52017595042647,-6.2198715207728235,0.0,0.0,0.0009172351059566994,0.0,0.0,-6.5654709568744245,20.5794109308,0.0,0.0,0.34559943610160104,0.0,0.0025238263044643524,0.0,0.03817490097329455,0.0045228785370035746,-0.22474346863087286,0.0,0.0,0.0
2219.0,12.520397748517793,-6.218971452513209,0.0,0.0,0.0009197173992851565,0.0,0.0,-6.56455246949372,20.5794109308,0.0,0.0,0.34558101698051136,0.0,0.002530611650027215,0.0,0.03817036231368845,0.004535002929358628,-0.22472196510026837,0.0,0.0,0.0
2220.0,12.520623247340714,-6.218069651628114,0.0,0.0,0.0009220655811592787,0.0,0.0,-6.56363156677984,20.5794109308,0.0,0.0,0.34556191515172596,0.0,0.002537027002843795,0.0,0.03816581418301094,0.004547140605890024,-0.22470039368089398,0.0,0.0,0.0
2221.0,12.520852432104242,-6.2171662536709835,0.0,0.0,0.0009242785122905102,0.0,0.0,-6.562708383415154,20.5794109308,0.0,0.0,0.3455421297441701,0.0,0.0025430692455702753,0.0,0.03816125726043688,0.004559289686657059,-0.22467875746701593,0.0,0.0,0.0
2222.0,12.521085287342578,-6.216261395222159,0.0,0.0,0.0009263550687728184,0.0,0.0,-6.561783055213649,20.5794109308,0.0,0.0,0.34552165999148965,0.0,0.002548735304237885,0.0,0.03815669223041181,0.004571448279244536,-0.22465705958098048,0.0,0.0,0.0
2223.0,12.521321796913625,-6.215355213872642,0.0,0.0,0.0009282941423456999,0.0,0.0,-6.560855719105421,20.5794109308,0.0,0.0,0.34550050523277864,0.0,0.002554022148978875,0.0,0.03815211978257139,0.00458361447899662,-0.22463530317286762,0.0,0.0,0.0
2224.0,12.521561943997593,-6.214447848207601,0.0,0.0,0.0009300946406560235,0.0,0.0,-6.5599265131208915,20.5794109308,0.0,0.0,0.3454786649132906,0.0,0.0025589267947486163,0.0,0.038147540611659696,0.004595786369254118,-0.2246134914201376,0.0,0.0,0.0
2225.0,12.521805711095698,-6.213539437789636,0.0,0.0,0.0009317554875186633,0.0,0.0,-6.558995576374774,20.5794109308,0.0,0.0,0.34545613858513846,0.0,0.0025634463020437004,0.0,0.03814295541744611,0.004607962021594719,-0.22459162752727185,0.0,0.0,0.0
2226.0,12.522053080028957,-6.212630123141793,0.0,0.0,0.0009332756231758796,0.0,0.0,-6.558063049049775,20.5794109308,0.0,0.0,0.345432925907982,0.0,0.002567577777615897,0.0,0.03813836490464109,0.004620139496076384,-0.2245697147254072,0.0,0.0,0.0
2227.0,12.522304031937093,-6.211720045730335,0.0,0.0,0.0009346540045554037,0.0,0.0,-6.557129072380036,20.5794109308,0.0,0.0,0.3454090266497012,0.0,0.002571318375181854,0.0,0.03813376978281061,0.004632316841484144,-0.22454775627196377,0.0,0.0,0.0
2228.0,12.522558547277521,-6.210809347947268,0.0,0.0,0.0009358896055271693,0.0,0.0,-6.556193788634324,20.5794109308,0.0,0.0,0.34538444068705587,0.0,0.0025746652961283582,0.0,0.0381291707662894,0.004644492095579586,-0.2245257554502666,0.0,0.0,0.0
2229.0,12.522816605824453,-6.209898173092621,0.0,0.0,0.0009369814171586593,0.0,0.0,-6.555257341098955,20.5794109308,0.0,0.0,0.34535916800633437,0.0,0.0025776157902130913,0.0,0.03812456857409292,0.004656663285353718,-0.2245037155691613,0.0,0.0,0.0
2230.0,12.523078186668087,-6.208986665356491,0.0,0.0,0.0009379284479688112,0.0,0.0,-6.554319874060477,20.5794109308,0.0,0.0,0.34533320870398576,0.0,0.0025801671562606797,0.0,0.0381199639298282,0.004668828427282848,-0.22448163996262316,0.0,0.0,0.0
2231.0,12.523343268213912,-6.208074969800843,0.0,0.0,0.0009387297241804427,0.0,0.0,-6.553381532788084,20.5794109308,0.0,0.0,0.3453065629872407,0.0,0.002582316742853963,0.0,0.03811535756160335,0.004680985527587431,-0.22445953198936008,0.0,0.0,0.0
2232.0,12.523611828182101,-6.207163232341076,0.0,0.0,0.0009393842899711473,0.0,0.0,-6.552442463515792,20.5794109308,0.0,0.0,0.3452792311747164,0.0,0.002584061949020308,0.0,0.038110750201935946,0.0046931325824939585,-0.22443739503240961,0.0,0.0,0.0
2233.0,12.52388384360702,-6.20625159972735,0.0,0.0,0.0009398912077226166,0.0,0.0,-6.551502813424359,20.5794109308,0.0,0.0,0.34525121369700873,0.0,0.0025854002249128616,0.0,0.03810614258766018,0.004705267578499775,-0.22441523249872966,0.0,0.0,0.0
2234.0,12.524159290836831,-6.205340219525684,0.0,0.0,0.0009402495582683438,0.0,0.0,-6.550562730622956,20.5794109308,0.0,0.0,0.34522251109727176,0.0,0.0025863290724865992,0.0,0.03810153545983283,0.004717388492640973,-0.22439304781878305,0.0,0.0,0.0
2235.0,12.524438145533205,-6.204429240098814,0.0,0.0,0.0009404584411396651,0.0,0.0,-6.549622364130591,20.5794109308,0.0,0.0,0.34519312403177693,0.0,0.0025868460461690554,0.0,0.038096929563638096,0.004729493292763204,-0.22437084444611624,0.0,0.0,0.0
2236.0,12.524720382671138,-6.203518810586826,0.0,0.0,0.000940516974810088,0.0,0.0,-6.54868186385729,20.5794109308,0.0,0.0,0.3451630532704639,0.0,0.0025869487535255804,0.0,0.03809232564829114,0.004741579937795101,-0.22434862585693194,0.0,0.0,0.0
2237.0,12.525005976538868,-6.202609080887559,0.0,0.0,0.0009404242969378705,0.0,0.0,-6.547741380585034,20.5794109308,0.0,0.0,0.3451322996974753,0.0,0.002586634855919033,0.0,0.03808772446694061,0.004753646378025098,-0.2243263955496556,0.0,0.0,0.0
2238.0,12.525294900737912,-6.20170020163678,0.0,0.0,0.0009401795646067997,0.0,0.0,-6.546801065948452,20.5794109308,0.0,0.0,0.3451008643116724,0.0,0.0025859020691637435,0.0,0.038083126776569935,0.004765690555380592,-0.22430415704449613,0.0,0.0,0.0
2239.0,12.525587128183192,-6.2007923241881375,0.0,0.0,0.0009397819545651244,0.0,0.0,-6.545861072415279,20.5794109308,0.0,0.0,0.34506874822714106,0.0,0.0025847481641736447,0.0,0.038078533337897465,0.004777710403710209,-0.22428191388300092,0.0,0.0,0.0
2240.0,12.525882631103283,-6.199885600592887,0.0,0.0,0.000939230663462606,0.0,0.0,-6.544921553266566,20.5794109308,0.0,0.0,0.3450359526736797,0.0,0.0025831709676044454,0.0,0.03807394491527552,0.004789703849068835,-0.22425966962760424,0.0,0.0,0.0
2241.0,12.526181381040763,-6.1989801835794,0.0,0.0,0.0009385249080856342,0.0,0.0,-6.5439826625766715,20.5794109308,0.0,0.0,0.3450024789972712,0.0,0.0025811683624897114,0.0,0.038069362276588296,0.004801668810005225,-0.22423742786117073,0.0,0.0,0.0
2242.0,12.526483348852675,-6.198076226532456,0.0,0.0,0.0009376639255903651,0.0,0.0,-6.5430445551929965,20.5794109308,0.0,0.0,0.3449683286605403,0.0,0.0025787382888707334,0.0,0.03806478619314865,0.004813603197852512,-0.22421519218653274,0.0,0.0,0.0
2243.0,12.526788504711092,-6.197173883472312,0.0,0.0,0.0009366469737338421,0.0,0.0,-6.542107386715509,20.5794109308,0.0,0.0,0.3449335032431975,0.0,0.0025758787444200614,0.0,0.03806021743959381,0.004825504917021384,-0.22419296622602178,0.0,0.0,0.0
2244.0,12.527096818103802,-6.196273309033561,0.0,0.0,0.0009354733311030544,0.0,0.0,-6.541171313476021,20.5794109308,0.0,0.0,0.3448980044424603,0.0,0.0025725877850585944,0.0,0.03805565679377998,0.004837371865295911,-0.22417075362099437,0.0,0.0,0.0
2245.0,12.527408257835093,-6.195374658443784,0.0,0.0,0.0009341422973418843,0.0,0.0,-6.540236492517249,20.5794109308,0.0,0.0,0.34486183407346527,0.0,0.0025688635255660826,0.0,0.03805110503667579,0.00484920193413188,-0.22414855803135258,0.0,0.0,0.0
2246.0,12.527722792026664,-6.194478087501982,0.0,0.0,0.0009326531933759086,0.0,0.0,-6.539303081571644,20.5794109308,0.0,0.0,0.34482499406966216,0.0,0.0025647041401849428,0.0,0.03804656295225485,0.004860993008957898,-0.2241263831350584,0.0,0.0,0.0
2247.0,12.528040388118628,-6.193583752556808,0.0,0.0,0.0009310053616350018,0.0,0.0,-6.538371239039996,20.5794109308,0.0,0.0,0.34478748648318813,0.0,0.0025601078632172523,0.0,0.038042031327387114,0.004872742969478996,-0.22410423262764329,0.0,0.0,0.0
2248.0,12.528361012870649,-6.192691810484594,0.0,0.0,0.000929198166273707,0.0,0.0,-6.537441123969824,20.5794109308,0.0,0.0,0.34474931348522997,0.0,0.002555072989614824,0.0,0.03803751095172915,0.0048844496899827505,-0.22408211022171146,0.0,0.0,0.0
2249.0,12.528684632363177,-6.191802418667169,0.0,0.0,0.0009272309933893257,0.0,0.0,-6.536512896033536,20.5794109308,0.0,0.0,0.34471047736636695,0.0,0.0025495978755622263,0.0,0.038033002617613554,0.004896111039647835,-0.2240600196464383,0.0,0.0,0.0
2250.0,12.529011211998801,-6.190915734969487,0.0,0.0,0.0009251032512376838,0.0,0.0,-6.535586715506383,20.5794109308,0.0,0.0,0.34467098053689593,0.0,0.0025436809390526434,0.0,0.03802850711993718,0.00490772488285518,-0.22403796464706324,0.0,0.0,0.0
2251.0,12.52934071650372,-6.190031917717049,0.0,0.0,0.0009228143704465361,0.0,0.0,-6.5346627432441915,20.5794109308,0.0,0.0,0.3446308255271422,0.0,0.0025373206604564547,0.0,0.03802402525604845,0.004919289079501482,-0.22401594898437716,0.0,0.0,0.0
2252.0,12.529673109929321,-6.189151125673132,0.0,0.0,0.0009203638042265646,0.0,0.0,-6.5337411406608865,20.5794109308,0.0,0.0,0.3445900149877543,0.0,0.002530515583082439,0.0,0.03801955782563362,0.004930801485314967,-0.22399397643420468,0.0,0.0,0.0
2253.0,12.530008355653882,-6.18827351801583,0.0,0.0,0.0009177510285799269,0.0,0.0,-6.532822069705803,20.5794109308,0.0,0.0,0.34454855168997334,0.0,0.0025232643137314626,0.0,0.03801510563060206,0.004942259952173705,-0.2239720507868813,0.0,0.0,0.0
2254.0,12.530346416384377,-6.187399254314898,0.0,0.0,0.0009149755425063177,0.0,0.0,-6.531905692840794,20.5794109308,0.0,0.0,0.3445064385258956,0.0,0.0025155655232425717,0.0,0.038010669474970615,0.004953662328426284,-0.2239501758467249,0.0,0.0,0.0
2255.0,12.530687254158419,-6.186528494508416,0.0,0.0,0.0009120368682064944,0.0,0.0,-6.530992173017126,20.5794109308,0.0,0.0,0.34446367850871074,0.0,0.002507417947031344,0.0,0.038006250164746944,0.004965006459214438,-0.22392835543150294,0.0,0.0,0.0
2256.0,12.531030830346294,-6.18566139887926,0.0,0.0,0.0009089345512832367,0.0,0.0,-6.530081673652184,20.5794109308,0.0,0.0,0.3444202747729239,0.0,0.0024988203856204367,0.0,0.03800184850781192,0.004976290186798182,-0.22390659337189378,0.0,0.0,0.0
2257.0,12.53137710565313,-6.184798128031402,0.0,0.0,0.0009056681609396878,0.0,0.0,-6.529174358605964,20.5794109308,0.0,0.0,0.3443762305745617,0.0,0.002489771705162176,0.0,0.03799746531380117,0.004987511350883142,-0.22388489351094357,0.0,0.0,0.0
2258.0,12.531726040121178,-6.183938842866023,0.0,0.0,0.0009022372901750465,0.0,0.0,-6.528270392157378,20.5794109308,0.0,0.0,0.344331549291355,0.0,0.0024802708379531254,0.0,0.03799310139398557,0.004998667788949945,-0.22386325970351795,0.0,0.0,0.0
2259.0,12.532077593132211,-6.183083704557449,0.0,0.0,0.0008986415559775599,0.0,0.0,-6.527369938980359,20.5794109308,0.0,0.0,0.34428623442291073,0.0,0.0024703167829404882,0.0,0.03798875756115098,0.005009757336585735,-0.2238416958157491,0.0,0.0,0.0
2260.0,12.532431723410038,-6.182232874528922,0.0,0.0,0.0008948805995147886,0.0,0.0,-6.526473164119781,20.5794109308,0.0,0.0,0.34424028959085895,0.0,0.002459908606220285,0.0,0.037984434629476906,0.005020777827817832,-0.22382020572447764,0.0,0.0,0.0
2261.0,12.532788389023148,-6.181386514428191,0.0,0.0,0.0008909540863210921,0.0,0.0,-6.5255802329671795,20.5794109308,0.0,0.0,0.34419371853898806,0.0,0.0024490454415271572,0.0,0.037980133414414516,0.005031727095449412,-0.22379879331669017,0.0,0.0,0.0
2262.0,12.533147547387458,-6.180544786102944,0.0,0.0,0.0008868617064823052,0.0,0.0,-6.524691311236295,20.5794109308,0.0,0.0,0.3441465251333513,0.0,0.0024377264907157405,0.0,0.037975854732563576,0.0050426029713972476,-0.22377746248895183,0.0,0.0,0.0
2263.0,12.53350915526919,-6.179707851576064,0.0,0.0,0.0008826031748175566,0.0,0.0,-6.523806564938433,20.5794109308,0.0,0.0,0.34409871336236897,0.0,0.002425951024233467,0.0,0.03797159940154864,0.0050534032870311885,-0.22375621714683458,0.0,0.0,0.0
2264.0,12.533873168787869,-6.178875873020741,0.0,0.0,0.000878178231058203,0.0,0.0,-6.522926160357637,20.5794109308,0.0,0.0,0.3440502873368967,0.0,0.0024137183815847434,0.0,0.03796736823989443,0.005064125873515873,-0.22373506120434045,0.0,0.0,0.0
2265.0,12.534239543419437,-6.178049012735404,0.0,0.0,0.000873586640023825,0.0,0.0,-6.522050264025689,20.5794109308,0.0,0.0,0.344001251290285,0.0,0.002401027971786361,0.0,0.03796316206690033,0.005074768562154053,-0.22371399858332097,0.0,0.0,0.0
2266.0,12.534608233999489,-6.17722743311852,0.0,0.0,0.0008688281917952615,0.0,0.0,-6.521179042696937,20.5794109308,0.0,0.0,0.34395160957841675,0.0,0.002387879273814086,0.0,0.03795898170251412,0.005085329184731854,-0.22369303321289158,0.0,0.0,0.0
2267.0,12.53497919472663,-6.176411296643218,0.0,0.0,0.0008639027018846312,0.0,0.0,-6.520312663322944,20.5794109308,0.0,0.0,0.3439013666797255,0.0,0.002374271837040301,0.0,0.037954827967204896,0.005095805573866005,-0.22367216902884185,0.0,0.0,0.0
2268.0,12.53535237916595,-6.175600765831784,0.0,0.0,0.0008588100114023134,0.0,0.0,-6.519451293026978,20.5794109308,0.0,0.0,0.34385052719519393,0.0,0.002360205281662631,0.0,0.03795070168183524,0.0051061955633524,-0.2236514099730421,0.0,0.0,0.0
2269.0,12.53572774025263,-6.174796003229996,0.0,0.0,0.0008535499872208455,0.0,0.0,-6.518595099078327,20.5794109308,0.0,0.0,0.3437990958483308,0.0,0.0023456792991234463,0.0,0.03794660366753261,0.0051164969885167805,-0.22363075999284454,0.0,0.0,0.0
2270.0,12.536105230295663,-6.173997171381325,0.0,0.0,0.0008481225221357005,0.0,0.0,-6.51774424886646,20.5794109308,0.0,0.0,0.3437470774851352,0.0,0.0023306936525201607,0.0,0.03794253474556004,0.005126707686566756,-0.22361022304048161,0.0,0.0,0.0
2271.0,12.536484800981686,-6.17320443280099,0.0,0.0,0.0008425275350229083,0.0,0.0,-6.516898909875023,20.5794109308,0.0,0.0,0.3436944770740329,0.0,0.002315248177006233,0.0,0.037938495737185995,0.005136825496945718,-0.22358980307245943,0.0,0.0,0.0
2272.0,12.536866403378966,-6.172417949949879,0.0,0.0,0.0008367649709934886,0.0,0.0,-6.5160592496556795,20.5794109308,0.0,0.0,0.3436412997058005,0.0,0.002299342780182796,0.0,0.03793448746355368,0.005146848261688125,-0.22356950404894754,0.0,0.0,0.0
2273.0,12.537249987941468,-6.171637885208342,0.0,0.0,0.000830834801544646,0.0,0.0,-6.515225435801804,20.5794109308,0.0,0.0,0.3435875505934618,0.0,0.0022829774424808005,0.0,0.03793051074554952,0.005156773825776423,-0.22354932993316481,0.0,0.0,0.0
2274.0,12.537635504513082,-6.170864400849845,0.0,0.0,0.0008247370247077085,0.0,0.0,-6.514397635922016,20.5794109308,0.0,0.0,0.3435332350721714,0.0,0.002266152217533619,0.0,0.03792656640367103,0.0051666000374992055,-0.22352928469076155,0.0,0.0,0.0
2275.0,12.538022902331948,-6.1700976590145045,0.0,0.0,0.0008184716651927623,0.0,0.0,-6.513576017613579,20.5794109308,0.0,0.0,0.34347835859907416,0.0,0.0022488672325400223,0.0,0.037922655257894025,0.005176324748811342,-0.2235093722891975,0.0,0.0,0.0
2276.0,12.538412130034914,-6.1693378216824994,0.0,0.0,0.0008120387745299494,0.0,0.0,-6.512760748435646,20.5794109308,0.0,0.0,0.34342292675314656,0.0,0.002231122688617419,0.0,0.037918778127539146,0.005185945815694815,-0.22348959669711682,0.0,0.0,0.0
2277.0,12.538803135662121,-6.168585050647359,0.0,0.0,0.0008054384312073966,0.0,0.0,-6.511951995882373,20.5794109308,0.0,0.0,0.34336694523501343,0.0,0.002212918861145322,0.0,0.03791493583113779,0.005195461098521398,-0.22346996188371887,0.0,0.0,0.0
2278.0,12.539195866661702,-6.16783950748914,0.0,0.0,0.0007986707408057404,0.0,0.0,-6.511149927355893,20.5794109308,0.0,0.0,0.3433104198667527,0.0,0.0021942561000989325,0.0,0.03791112918629746,0.005204868462416468,-0.22345047181812588,0.0,0.0,0.0
2279.0,12.53959026989461,-6.167101353547486,0.0,0.0,0.0007917358361292092,0.0,0.0,-6.510354710139157,20.5794109308,0.0,0.0,0.34325335659167067,0.0,0.0021751348303727706,0.0,0.03790735900956643,0.005214165777623889,-0.22343113046874696,0.0,0.0,0.0
2280.0,12.53998629163957,-6.166370749894584,0.0,0.0,0.0007846338773332307,0.0,0.0,-6.5095665113686465,20.5794109308,0.0,0.0,0.34319576147406217,0.0,0.002155555552094277,0.0,0.037903626116298,0.005223350919872416,-0.22341194180263907,0.0,0.0,0.0
2281.0,12.540383877598153,-6.165647857308012,0.0,0.0,0.0007773650520485415,0.0,0.0,-6.50878549800696,20.5794109308,0.0,0.0,0.3431376406989477,0.0,0.002135518840927336,0.0,0.03789993132051396,0.005232421770742998,-0.22339290978486415,0.0,0.0,0.0
2282.0,12.54078297289997,-6.164932836243485,0.0,0.0,0.0007699295755017436,0.0,0.0,-6.508011836815277,20.5794109308,0.0,0.0,0.34307900057179186,0.0,0.002115025348365594,0.0,0.03789627543476776,0.005241376218037205,-0.22337403837784398,0.0,0.0,0.0
2283.0,12.541183522108003,-6.164225846807507,0.0,0.0,0.0007623276906322977,0.0,0.0,-6.5072456943257055,20.5794109308,0.0,0.0,0.3430198475181987,0.0,0.002094075802015561,0.0,0.03789265927000696,0.005250212156146863,-0.22335533154071102,0.0,0.0,0.0
2284.0,12.54158546922404,-6.16352704872992,0.0,0.0,0.000754559668205906,0.0,0.0,-6.506487236813508,20.5794109308,0.0,0.0,0.3429601880835884,0.0,0.0020726710058693856,0.0,0.03788908363543537,0.0052589274864244945,-0.22333679322865685,0.0,0.0,0.0
2285.0,12.54198875769425,-6.162836601336373,0.0,0.0,0.000746625806924258,0.0,0.0,-6.505736630269223,20.5794109308,0.0,0.0,0.3429000289328501,0.0,0.0020508118405672487,0.0,0.0378855493383745,0.005267520117554755,-0.22331842739227742,0.0,0.0,0.0
2286.0,12.542393330414878,-6.162154663520698,0.0,0.0,0.0007385264335311075,0.0,0.0,-6.504994040370676,20.5794109308,0.0,0.0,0.34283937684997756,0.0,0.0020284992636493146,0.0,0.03788205718412469,0.005275987965926876,-0.22330023797691567,0.0,0.0,0.0
2287.0,12.542799129738055,-6.161481393717202,0.0,0.0,0.000730261902914646,0.0,0.0,-6.5042596324548825,20.5794109308,0.0,0.0,0.3427782387376803,0.0,0.0020057343097971583,0.0,0.03787860797582575,0.005284328956007889,-0.22328222892200117,0.0,0.0,0.0
2288.0,12.543206097477745,-6.160816949872886,0.0,0.0,0.0007218325982061473,0.0,0.0,-6.503533571489859,20.5794109308,0.0,0.0,0.34271662161697325,0.0,0.0019825180910646276,0.0,0.03787520251431716,0.005292541020716454,-0.22326440416038723,0.0,0.0,0.0
2289.0,12.543614174915804,-6.160161489419577,0.0,0.0,0.0007132389308748483,0.0,0.0,-6.502816022046328,20.5794109308,0.0,0.0,0.3426545326267503,0.0,0.00195885179709806,0.0,0.03787184159799792,0.005300622101797867,-0.22324676761768542,0.0,0.0,0.0
2290.0,12.544023302808174,-6.159515169246006,0.0,0.0,0.0007044813408190308,0.0,0.0,-6.502107148269334,20.5794109308,0.0,0.0,0.34259197902332783,0.0,0.0019347366953457858,0.0,0.037868526022685874,0.005308570150199282,-0.22322932321159789,0.0,0.0,0.0
2291.0,12.544433421391188,-6.1588781456697985,0.0,0.0,0.0006955602964532866,0.0,0.0,-6.501407113849777,20.5794109308,0.0,0.0,0.3425289681799786,0.0,0.0019101741312568836,0.0,0.037865256581476846,0.005316383126445889,-0.22321207485124658,0.0,0.0,0.0
2292.0,12.544844470388007,-6.158250574409414,0.0,0.0,0.0006864762947919288,0.0,0.0,-6.500716081995845,20.5794109308,0.0,0.0,0.34246550758643135,0.0,0.001885165528469122,0.0,0.037862034064603256,0.005324059001017581,-0.22319502643650102,0.0,0.0,0.0
2293.0,12.54525638901518,-6.157632610556023,0.0,0.0,0.0006772298615285161,0.0,0.0,-6.500034215404381,20.5794109308,0.0,0.0,0.3424016048483578,0.0,0.0018597123889860063,0.0,0.03785885925929251,0.005331595754726096,-0.22317818185730331,0.0,0.0,0.0
2294.0,12.545669115989316,-6.157024408545325,0.0,0.0,0.0006678215511114695,0.0,0.0,-6.49936167623216,20.5794109308,0.0,0.0,0.34233726768683503,0.0,0.0018338162933429082,0.0,0.03785573294962506,0.005338991379092786,-0.2231615449929913,0.0,0.0,0.0
2295.0,12.546082589533897,-6.15642612212932,0.0,0.0,0.0006582519468157473,0.0,0.0,-6.498698626067106,20.5794109308,0.0,0.0,0.3422725039377861,0.0,0.0018074789007621994,0.0,0.03785265591639214,0.005346243876726622,-0.22314511971161943,0.0,0.0,0.0
2296.0,12.546496747386202,-6.155837904348022,0.0,0.0,0.000648521660810554,0.0,0.0,-6.498045225899421,20.5794109308,0.0,0.0,0.342207321551399,0.0,0.0017807019492973592,0.0,0.03784962893695325,0.005353351261702721,-0.22312890986927836,0.0,0.0,0.0
2297.0,12.54691152680435,-6.155259907501142,0.0,0.0,0.0006386313342230501,0.0,0.0,-6.497401636092668,20.5794109308,0.0,0.0,0.3421417285915265,0.0,0.0017534872559659797,0.0,0.037846652785093374,0.005360311559941197,-0.22311291930941168,0.0,0.0,0.0
2298.0,12.54732686457447,-6.154692283119718,0.0,0.0,0.0006285816371980433,0.0,0.0,-6.496768016354777,20.5794109308,0.0,0.0,0.3420757332350597,0.0,0.0017258367168716446,0.0,0.03784372823087999,0.005367122809586122,-0.22309715186213197,0.0,0.0,0.0
2299.0,12.547742697018005,-6.154135181937719,0.0,0.0,0.0006183732689536213,0.0,0.0,-6.496144525709002,20.5794109308,0.0,0.0,0.34200934377128256,0.0,0.0016977523073146011,0.0,0.037840856040519864,0.005373783061384932,-0.22308161134353444,0.0,0.0,0.0
2300.0,12.548158959999112,-6.153588753863613,0.0,0.0,0.000608006957832718,0.0,0.0,-6.495531322464819,20.5794109308,0.0,0.0,0.34194256860120564,0.0,0.001669236081891221,0.0,0.0378380369762156,0.0053802903790677314,-0.22306630155500978,0.0,0.0,0.0
2301.0,12.5485755889322,-6.153053147951906,0.0,0.0,0.0005974834613505692,0.0,0.0,-6.494928564188781,20.5794109308,0.0,0.0,0.3418754162368751,0.0,0.0016402901745821664,0.0,0.037835271796022106,0.0053866428397268545,-0.22305122628255458,0.0,0.0,0.0
2302.0,12.548992518789591,-6.152528512374658,0.0,0.0,0.0005868035662380395,0.0,0.0,-6.49433640767532,20.5794109308,0.0,0.0,0.34180789530066225,0.0,0.0016109167988292285,0.0,0.037832561253702844,0.005392838534196531,-0.2230363892960816,0.0,0.0,0.0
2303.0,12.549409684109289,-6.152014994392983,0.0,0.0,0.0005759680884807972,0.0,0.0,-6.493755008917512,20.5794109308,0.0,0.0,0.34174001452452885,0.0,0.0015811182476008062,0.0,0.037829906098585955,0.005398875567432418,-0.22302179434872768,0.0,0.0,0.0
2304.0,12.549827019002882,-6.151512740328535,0.0,0.0,0.0005649778733543076,0.0,0.0,-6.493184523077807,20.5794109308,0.0,0.0,0.34167178274927235,0.0,0.0015508968934459725,0.0,0.03782730707542032,0.0054047520588909465,-0.22300744517616122,0.0,0.0,0.0
2305.0,12.550244457163553,-6.151021895534969,0.0,0.0,0.0005538337954546219,0.0,0.0,-6.49262510445872,20.5794109308,0.0,0.0,0.3416032089237513,0.0,0.0015202551885370884,0.0,0.03782476492423147,0.005410466142908965,-0.22299334549588856,0.0,0.0,0.0
2306.0,12.550661931874219,-6.150542604369418,0.0,0.0,0.0005425367587249371,0.0,0.0,-6.492076906473501,20.5794109308,0.0,0.0,0.3415343021040824,0.0,0.00148919566470093,0.0,0.037822280380177514,0.005416015969082713,-0.22297949900655906,0.0,0.0,0.0
2307.0,12.551079376015782,-6.150075010163948,0.0,0.0,0.0005310876964779032,0.0,0.0,-6.49154008161677,20.5794109308,0.0,0.0,0.3414650714528218,0.0,0.0014577209334382876,0.0,0.037819854173404874,0.005421399702646892,-0.22296590938726973,0.0,0.0,0.0
2308.0,12.5514967220755,-6.149619255197025,0.0,0.0,0.0005194875714136539,0.0,0.0,-6.491014781435144,20.5794109308,0.0,0.0,0.3413955262381192,0.0,0.0014258336859320042,0.0,0.03781748702890421,0.0054266155248532955,-0.2229525802968689,0.0,0.0,0.0
2309.0,12.551913902155482,-6.149175480664984,0.0,0.0,0.0005077373756335368,0.0,0.0,-6.490501156497841,20.5794109308,0.0,0.0,0.34132567583285756,0.0,0.0013935366930434095,0.0,0.03781517966636613,0.005431661633349155,-0.22293951537325923,0.0,0.0,0.0
2310.0,12.55233084798129,-6.1487438266535115,0.0,0.0,0.0004958381306495234,0.0,0.0,-6.489999356367272,20.5794109308,0.0,0.0,0.3412555297137603,0.0,0.00136083280529713,0.0,0.037812932800037065,0.0054365362425550234,-0.2229267182327005,0.0,0.0,0.0
2311.0,12.552747490910663,-6.14832443210914,0.0,0.0,0.00048379088738926884,0.0,0.0,-6.489509529569627,20.5794109308,0.0,0.0,0.3411850974604871,0.0,0.001327724952854222,0.0,0.037810747138575074,0.005441237584042205,-0.2229141924691116,0.0,0.0,0.0
2312.0,12.553163761942363,-6.147917434810764,0.0,0.0,0.0004715967261968124,0.0,0.0,-6.489031823565464,20.5794109308,0.0,0.0,0.3411143887546997,0.0,0.0012942161454736212,0.0,0.03780862338490586,0.005445763906909665,-0.22290194165337252,0.0,0.0,0.0
2313.0,12.553579591725121,-6.147522971341176,0.0,0.0,0.0004592567568288823,0.0,0.0,-6.4885663847202855,20.5794109308,0.0,0.0,0.3410434133791096,0.0,0.001260309472461855,0.0,0.037806562236078665,0.005450113478160448,-0.2228899693326258,0.0,0.0,0.0
2314.0,12.553994910566715,-6.147141177058633,0.0,0.0,0.0004467721184467966,0.0,0.0,-6.488113358275137,20.5794109308,0.0,0.0,0.34097218121650386,0.0,0.0012260081026110076,0.0,0.03780456438312248,0.005454284583077285,-0.22287827902957824,0.0,0.0,0.0
2315.0,12.554409648443151,-6.146772186068458,0.0,0.0,0.0004341439796039285,0.0,0.0,-6.487672888317205,20.5794109308,0.0,0.0,0.3409007022487467,0.0,0.001191315284124892,0.0,0.03780263051090224,0.005458275525597578,-0.22286687424180215,0.0,0.0,0.0
2316.0,12.554823735007961,-6.14641613119467,0.0,0.0,0.0004213735382287239,0.0,0.0,-6.487245117750432,20.5794109308,0.0,0.0,0.34082898655576255,0.0,0.0011562343445334188,0.0,0.03780076129797522,0.005462084628687719,-0.22285575844103733,0.0,0.0,0.0
2317.0,12.555237099601618,-6.146073143951664,0.0,0.0,0.0004084620216032492,0.0,0.0,-6.486830188266156,20.5794109308,0.0,0.0,0.3407570443144916,0.0,0.0011207686905951326,0.0,0.037798957416447614,0.005465710234716439,-0.22284493507249267,0.0,0.0,0.0
2318.0,12.555649671261051,-6.145743354515932,0.0,0.0,0.0003954106863372418,0.0,0.0,-6.4864282403137645,20.5794109308,0.0,0.0,0.34068488579783285,0.0,0.0010849218081878706,0.0,0.037797219531831266,0.005469150705827333,-0.22283440755414818,0.0,0.0,0.0
2319.0,12.55606137872929,-6.1454268916978325,0.0,0.0,0.0003822208183376608,0.0,0.0,-6.486039413071385,20.5794109308,0.0,0.0,0.34061252137355247,0.0,0.0010486972621875639,0.0,0.03779554830290068,0.00547240442431049,-0.2228241792760579,0.0,0.0,0.0
2320.0,12.5564721504652,-6.1451238829134205,0.0,0.0,0.0003688937327737011,0.0,0.0,-6.485663844416602,20.5794109308,0.0,0.0,0.34053996150318167,0.0,0.0010120986963351147,0.0,0.037793944381550225,0.00547546979297317,-0.22281425359965285,0.0,0.0,0.0
2321.0,12.55688191465335,-6.14483445415633,0.0,0.0,0.00035543077403726343,0.0,0.0,-6.485301670897219,20.5794109308,0.0,0.0,0.34046721674088953,0.0,0.0009751298330913511,0.0,0.03779240841265159,0.005478345235509233,-0.2228046338570447,0.0,0.0,0.0
2322.0,12.55729059921396,-6.144558729969724,0.0,0.0,0.00034183331569885914,0.0,0.0,-6.484953027702052,20.5794109308,0.0,0.0,0.34039429773232843,0.0,0.000937794473480039,0.0,0.0377909410339116,0.005481029196867604,-0.22279532335033037,0.0,0.0,0.0
2323.0,12.557698131812987,-6.144296833418312,0.0,0.0,0.00032810276045893425,0.0,0.0,-6.484618048631779,20.5794109308,0.0,0.0,0.3403212152134669,0.0,0.0009000964969189319,0.0,0.03778954287573021,0.00548352014361958,-0.22278632535089746,0.0,0.0,0.0
2324.0,12.558104439872297,-6.144048886060438,0.0,0.0,0.000314240540094592,0.0,0.0,-6.484296866069832,20.5794109308,0.0,0.0,0.34024798000939427,0.0,0.0008620398610388354,0.0,0.037788214561059,0.005485816564324869,-0.22277764309873055,0.0,0.0,0.0
2325.0,12.558509450579953,-6.143815007920251,0.0,0.0,0.00030024811540169826,0.0,0.0,-6.483989610953355,20.5794109308,0.0,0.0,0.34017460303310365,0.0,0.0008236286014906681,0.0,0.03778695670525983,0.005487916969896145,-0.22276927980171846,0.0,0.0,0.0
2326.0,12.558913090900607,-6.143595317459949,0.0,0.0,0.0002861269761323569,0.0,0.0,-6.483696412744209,20.5794109308,0.0,0.0,0.34010109528425936,0.0,0.0007848668317405197,0.0,0.03778576991596407,0.005489819893962605,-0.22276123863496317,0.0,0.0,0.0
2327.0,12.559315287585994,-6.143389931552118,0.0,0.0,0.00027187864092773306,0.0,0.0,-6.4834173994000555,20.5794109308,0.0,0.0,0.34002746784793736,0.0,0.0007457587428526663,0.0,0.03778465479293207,0.005491523893231834,-0.2227535227400895,0.0,0.0,0.0
2328.0,12.55971596718553,-6.143198965452155,0.0,0.0,0.00025750465724621533,0.0,0.0,-6.483152697345498,20.5794109308,0.0,0.0,0.33995373189334366,0.0,0.0007063086032605562,0.0,0.0377836119279131,0.005493027547850221,-0.22274613522455655,0.0,0.0,0.0
2329.0,12.560115056057018,-6.14302253277079,0.0,0.0,0.00024300660128689794,0.0,0.0,-6.482902431443307,20.5794109308,0.0,0.0,0.33987989867251667,0.0,0.0006665207585257355,0.0,0.03778264190450581,0.005494329461761982,-0.22273907916097063,0.0,0.0,0.0
2330.0,12.560512480377444,-6.142860745446712,0.0,0.0,0.00022838607790836852,0.0,0.0,-6.482666724965715,20.5794109308,0.0,0.0,0.33980597951900293,0.0,0.0006263996310847076,0.0,0.03778174529801906,0.005495428263066371,-0.22273235758639953,0.0,0.0,0.0
2331.0,12.560908166153887,-6.142713713719289,0.0,0.0,0.0002136447205427873,0.0,0.0,-6.482445699565803,20.5794109308,0.0,0.0,0.3397319858465142,0.0,0.0005859497199837146,0.0,0.03778092267533328,0.0054963226043733965,-0.22272597350168916,0.0,0.0,0.0
2332.0,12.561302039234517,-6.142581546101406,0.0,0.0,0.0001987841911052452,0.0,0.0,-6.482239475248969,20.5794109308,0.0,0.0,0.3396579291475632,0.0,0.0005451756006014342,0.0,0.03778017459476238,0.005497011163157733,-0.22271992987078126,0.0,0.0,0.0
2333.0,12.561694025319701,-6.142464349352417,0.0,0.0,0.00018380617989838502,0.0,0.0,-6.4820481703444965,20.5794109308,0.0,0.0,0.33958382099207984,0.0,0.0005040819243595777,0.0,0.037779501605916095,0.005497492642110913,-0.22271422962003373,0.0,0.0,0.0
2334.0,12.562084049973192,-6.142362228451213,0.0,0.0,0.00016871240551227814,0.0,0.0,-6.481871901477212,20.5794109308,0.0,0.0,0.339509673025999,0.0,0.0004626734184213952,0.0,0.03777890424956305,0.005497765769491458,-0.22270887563754285,0.0,0.0,0.0
2335.0,12.56247203863343,-6.142275286569412,0.0,0.0,0.00015350461471953642,0.0,0.0,-6.481710783539253,20.5794109308,0.0,0.0,0.3394354969698403,0.0,0.0004209548853780609,0.0,0.03777838305749428,0.0054978292994734,-0.22270387077246756,0.0,0.0,0.0
2336.0,12.562857916624926,-6.142203625044682,0.0,0.0,0.0001381845823656524,0.0,0.0,-6.481564929661937,20.5794109308,0.0,0.0,0.3393613046172552,0.0,0.00037893120292294493,0.0,0.03777793855238738,0.005497682012492636,-0.2226992178343561,0.0,0.0,0.0
2337.0,12.563241609169749,-6.142147343354191,0.0,0.0,0.00012275411125455568,0.0,0.0,-6.4814344511877495,20.5794109308,0.0,0.0,0.33928710783355864,0.0,0.00033660732351376883,0.0,0.03777757124767142,0.005497322715591321,-0.22269491959247545,0.0,0.0,0.0
2338.0,12.56362304139909,-6.142106539088199,0.0,0.0,0.00010721503202937165,0.0,0.0,-6.48131945764244,20.5794109308,0.0,0.0,0.3392129185542414,0.0,0.0002939882740226292,0.0,0.03777728164739224,0.005496750242760015,-0.2226909787751426,0.0,0.0,0.0
2339.0,12.564002138364936,-6.14208130792379,0.0,0.0,9.156920304837684e-05,0.0,0.0,-6.481220056707249,20.5794109308,0.0,0.0,0.3391387487834594,0.0,0.0002510791553739032,0.0,0.03777707024607878,0.0054959634552779885,-0.22268739806905935,0.0,0.0,0.0
2340.0,12.56437882505182,-6.142071743598752,0.0,0.0,7.58185102561345e-05,0.0,0.0,-6.481136354191253,20.5794109308,0.0,0.0,0.3390646105925006,0.0,0.00020788514217001582,0.0,0.03777693752860979,0.0054949612420509275,-0.22268418011864893,0.0,0.0,0.0
2341.0,12.564753026388662,-6.142077937885606,0.0,0.0,5.99648670498033e-05,0.0,0.0,-6.481068454003845,20.5794109308,0.0,0.0,0.3389905161182387,0.0,0.00016441148230507394,0.0,0.037776883970081505,0.00549374251994654,-0.22268132752539654,0.0,0.0,0.0
2342.0,12.565124667260699,-6.142099980565796,0.0,0.0,4.401021414061049e-05,0.0,0.0,-6.481016458127355,20.5794109308,0.0,0.0,0.3389164775615594,0.0,0.00012066349656637072,0.0,0.037776910035675904,0.005492306234127942,-0.22267884284719197,0.0,0.0,0.0
2343.0,12.565493672521503,-6.142137959404032,0.0,0.0,2.795651941048071e-05,0.0,0.0,-6.480980466589804,20.5794109308,0.0,0.0,0.33884250718577213,0.0,7.66465782237584e-05,0.0,0.03777701618052989,0.005490651358384321,-0.2226767285976757,0.0,0.0,0.0
2344.0,12.565859967005075,-6.142191960122809,0.0,0.0,1.1805777763809251e-05,0.0,0.0,-6.480960577437805,20.5794109308,0.0,0.0,0.3387686173149955,0.0,3.2366192606884755e-05,0.0,0.037777202849605174,0.005488776895459416,-0.22267498724558873,0.0,0.0,0.0
2345.0,12.566223475538026,-6.14226206637709,0.0,0.0,-4.439989025624656e-06,0.0,0.0,-6.48095688670962,20.5794109308,0.0,0.0,0.3386948203325302,0.0,-1.2172123329695956e-05,0.0,0.03777747047755898,0.005486681877377192,-0.22267362121412476,0.0,0.0,0.0
2346.0,12.566584122951843,-6.142348359729162,0.0,0.0,-2.077873247261944e-05,0.0,0.0,-6.48096948840837,20.5794109308,0.0,0.0,0.3386211286792076,0.0,-5.696276145355518e-05,0.0,0.037777819488615645,0.005484365365765256,-0.22267263288028669,0.0,0.0,0.0
2347.0,12.566941834095227,-6.142450919623677,0.0,0.0,-3.7208377543381405e-05,0.0,0.0,-6.4809984744754,20.5794109308,0.0,0.0,0.33854755485172294,0.0,-0.00010200004291352531,0.0,0.03777825029643911,0.005481826452175237,-0.22267202457424617,0.0,0.0,0.0
2348.0,12.567296533846514,-6.142569823362877,0.0,0.0,-5.37268228232444e-05,0.0,0.0,-6.481043934763818,20.5794109308,0.0,0.0,0.33847411140094064,0.0,-0.00014727821861097297,0.0,0.037778763304006244,0.0054790642584006816,-0.22267179857870728,0.0,0.0,0.0
2349.0,12.567648147126176,-6.142705146082006,0.0,0.0,-7.033194068927774e-05,0.0,0.0,-6.481105957012198,20.5794109308,0.0,0.0,0.3384008109301915,0.0,-0.00019279146968318546,0.0,0.03777935890348108,0.005476077936792126,-0.22267195712827365,0.0,0.0,0.0
2350.0,12.567996598909383,-6.1428569607249175,0.0,0.0,-8.702157748779046e-05,0.0,0.0,-6.481184626818461,20.5794109308,0.0,0.0,0.3383276660935435,0.0,-0.0002385339079988716,0.0,0.03778003747609012,0.0054728666705691625,-0.2226725024088196,0.0,0.0,0.0
2351.0,12.568341814238655,-6.1430253380198785,0.0,0.0,-0.0001037935537167339,0.0,0.0,-6.481280027613935,20.5794109308,0.0,0.0,0.3382546895940566,0.0,-0.0002844995766657612,0.0,0.037780799391998444,0.005469429674129889,-0.2226734365568657,0.0,0.0,0.0
2352.0,12.568683718236574,-6.143210346455582,0.0,0.0,-0.00012064566421301278,0.0,0.0,-6.4813922406376,20.5794109308,0.0,0.0,0.33818189418201783,0.0,-0.00033068245055031304,0.0,0.037781645010186916,0.00546576619335698,-0.22267476165895764,0.0,0.0,0.0
2353.0,12.569022236118576,-6.143412052257364,0.0,0.0,-0.00013757567834470451,0.0,0.0,-6.4815213449105205,20.5794109308,0.0,0.0,0.33810929265315615,0.0,-0.0003770764368095083,0.0,0.037782574678330405,0.005461875505921102,-0.22267647975105043,0.0,0.0,0.0
2354.0,12.569357293205796,-6.143630519363633,0.0,0.0,-0.0001545813402081932,0.0,0.0,-6.4816674172104785,20.5794109308,0.0,0.0,0.33803689784684554,0.0,-0.0004236753754347323,0.0,0.03778358873267695,0.0054577569215809585,-0.22267859281789604,0.0,0.0,0.0
2355.0,12.569688814937997,-6.14386580940252,0.0,0.0,-0.00017166036883021983,0.0,0.0,-6.481830532046799,20.5794109308,0.0,0.0,0.337964722644279,0.0,-0.0004704730398077277,0.0,0.03778468749792817,0.005453409782480351,-0.22268110279243628,0.0,0.0,0.0
2356.0,12.570016726886555,-6.1441179816687495,0.0,0.0,-0.00018881045837485451,0.0,0.0,-6.482010761635387,20.5794109308,0.0,0.0,0.33789277996663714,0.0,-0.0005174631372686193,0.0,0.03778587128712056,0.005448833463441813,-0.2226840115551999,0.0,0.0,0.0
2357.0,12.570340954767504,-6.144387093100739,0.0,0.0,-0.00020602927835538796,0.0,0.0,-6.482208175873965,20.5794109308,0.0,0.0,0.3378210827732264,0.0,-0.0005646393096959869,0.0,0.03778714040150806,0.005444027372257063,-0.2226873209337044,0.0,0.0,0.0
2358.0,12.570661424454647,-6.144673198257927,0.0,0.0,-0.00022331447385115085,0.0,0.0,-6.482422842317538,20.5794109308,0.0,0.0,0.3377496440596115,0.0,-0.0006119951340989919,0.0,0.03778849513044567,0.0054389909499741595,-0.22269103270186302,0.0,0.0,0.0
2359.0,12.57097806199273,-6.144976349298343,0.0,0.0,-0.0002406636657292549,0.0,0.0,-6.482654826154062,20.5794109308,0.0,0.0,0.33767847685571883,0.0,-0.0006595241232215291,0.0,0.03778993575127426,0.005433723671181112,-0.22269514857939637,0.0,0.0,0.0
2360.0,12.571290793610661,-6.145296595956416,0.0,0.0,-0.0002580744508712636,0.0,0.0,-6.482904190180348,20.5794109308,0.0,0.0,0.3376075942239325,0.0,-0.0007072197261584068,0.0,0.03779146252920656,0.005428225044286056,-0.22269967023124937,0.0,0.0,0.0
2361.0,12.5715995457348,-6.145633985521027,0.0,0.0,-0.0002755444024047894,0.0,0.0,-6.483170994778196,20.5794109308,0.0,0.0,0.33753700925716945,0.0,-0.0007550753289835376,0.0,0.03779307571721437,0.005422494611793907,-0.22270459926701303,0.0,0.0,0.0
2362.0,12.571904245002292,-6.145988562813818,0.0,0.0,-0.0002930710699400125,0.0,0.0,-6.4834552978907505,20.5794109308,0.0,0.0,0.3374667350769327,0.0,-0.0008030842553901101,0.0,0.037794775555917016,0.005416531950579326,-0.2227099372403523,0.0,0.0,0.0
2363.0,12.572204818274454,-6.146360370167751,0.0,0.0,-0.0003106519798111317,0.0,0.0,-6.48375715499911,20.5794109308,0.0,0.0,0.33739678483135904,0.0,-0.0008512397673427612,0.0,0.037796562273471,0.005410336672156096,-0.22271568564843847,0.0,0.0,0.0
2364.0,12.572501192650215,-6.146749447405933,0.0,0.0,-0.00032828463532273634,0.0,0.0,-6.484076619099173,20.5794109308,0.0,0.0,0.33732717169323934,0.0,-0.0008995350657417044,0.0,0.037798436085461046,0.005403908422942708,-0.22272184593138777,0.0,0.0,0.0
2365.0,12.5727932954796,-6.147155831820701,0.0,0.0,-0.0003459665170011012,0.0,0.0,-6.484413740678729,20.5794109308,0.0,0.0,0.3372579088580281,0.0,-0.0009479632910988133,0.0,0.03780039719479231,0.005397246884524254,-0.22272841947170519,0.0,0.0,0.0
2366.0,12.573081054377264,-6.147579558152977,0.0,0.0,-0.00036369508285040225,0.0,0.0,-6.484768567694813,20.5794109308,0.0,0.0,0.33718900954183617,0.0,-0.0009965175242256422,0.0,0.03780244579158406,0.0053903517739101875,-0.22273540759373442,0.0,0.0,0.0
2367.0,12.573364397236062,-6.148020658571902,0.0,0.0,-0.0003814677686138473,0.0,0.0,-6.485141145551312,20.5794109308,0.0,0.0,0.3371204869794102,0.0,-0.001045190786933359,0.0,0.0378045820530646,0.005383222843788504,-0.22274281156311357,0.0,0.0,0.0
2368.0,12.573643252240673,-6.148479162654746,0.0,0.0,-0.0003992819880397226,0.0,0.0,-6.485531517076836,20.5794109308,0.0,0.0,0.3370523544220907,0.0,-0.001093976042744588,0.0,0.03780680614346766,0.005375859882775724,-0.22275063258623667,0.0,0.0,0.0
2369.0,12.57391754788125,-6.1489550973671,0.0,0.0,-0.00041713513315234945,0.0,0.0,-6.485939722502859,20.5794109308,0.0,0.0,0.33698462513575933,0.0,-0.001142866197617137,0.0,0.03780911821393013,0.005368262715662847,-0.2227588718097217,0.0,0.0,0.0
2370.0,12.574187212967113,-6.149448487043363,0.0,0.0,-0.00043502457452794253,0.0,0.0,-6.486365799442131,20.5794109308,0.0,0.0,0.3369173123987679,0.0,-0.0011918541006795823,0.0,0.03781151840239128,0.0053604312036571455,-0.22276753031988478,0.0,0.0,0.0
2371.0,12.574452176640488,-6.149959353367513,0.0,0.0,-0.0004529476615753718,0.0,0.0,-6.486809782867372,20.5794109308,0.0,0.0,0.3368504294998589,0.0,-0.0012409325449787099,0.0,0.0378140068334933,0.005352365244620058,-0.22277660914222014,0.0,0.0,0.0
2372.0,12.574712368390259,-6.150487715354183,0.0,0.0,-0.00047090172282181496,0.0,0.0,-6.487271705090245,20.5794109308,0.0,0.0,0.3367839897360616,0.0,-0.0012900942682387768,0.0,0.037816583618483515,0.005344064773300405,-0.2227861092408876,0.0,0.0,0.0
2373.0,12.574967718065762,-6.151033589330036,0.0,0.0,-0.0004888840662032986,0.0,0.0,-6.48775159574062,20.5794109308,0.0,0.0,0.33671800641058347,0.0,-0.0013393319536325794,0.0,0.03781924885511792,0.005335529761563734,-0.22279603151820548,0.0,0.0,0.0
2374.0,12.575218155890616,-6.15159698891545,0.0,0.0,-0.0005068919793601213,0.0,0.0,-6.488249481746132,20.5794109308,0.0,0.0,0.336652492830682,0.0,-0.001388638230564314,0.0,0.03782200262756633,0.005326760218616958,-0.22280637681415122,0.0,0.0,0.0
2375.0,12.575463612476556,-6.152177925006509,0.0,0.0,-0.0005249227299371459,0.0,0.0,-6.488765387312032,20.5794109308,0.0,0.0,0.3365874623055234,0.0,-0.001438005675464189,0.0,0.037824845006319094,0.005317756191228845,-0.22281714590586815,0.0,0.0,0.0
2376.0,12.57570401883732,-6.152776405757319,0.0,0.0,-0.0005429735658889605,0.0,0.0,-6.4892993339013465,20.5794109308,0.0,0.0,0.33652292814402784,0.0,-0.0014874268125947903,0.0,0.037827776048095244,0.00530851776394578,-0.2228283395071794,0.0,0.0,0.0
2377.0,12.575939306402532,-6.153392436562635,0.0,0.0,-0.0005610417157898924,0.0,0.0,-6.489851340215338,20.5794109308,0.0,0.0,0.33645890365270326,0.0,-0.0015368941148691598,0.0,0.03783079579575242,0.005299045059303231,-0.22283995826810898,0.0,0.0,0.0
2378.0,12.576169407031625,-6.154026020040822,0.0,0.0,-0.0005791243891488668,0.0,0.0,-6.490421422174287,20.5794109308,0.0,0.0,0.33639540213346475,0.0,-0.001586400004680558,0.0,0.03783390427819832,0.00528933823803239,-0.2228520027744097,0.0,0.0,0.0
2379.0,12.576394253027763,-6.15467715601714,0.0,0.0,-0.0005972187767291061,0.0,0.0,-6.491009592898581,20.5794109308,0.0,0.0,0.3363324368814409,0.0,-0.0016359368547439166,0.0,0.03783710151030373,0.0052793974992621645,-0.22286447354709849,0.0,0.0,0.0
2380.0,12.576613777151795,-6.1553458415073665,0.0,0.0,-0.0006153220508726494,0.0,0.0,-6.491615862690134,20.5794109308,0.0,0.0,0.3362700211827674,0.0,-0.0016854969889489133,0.0,0.03784038749281734,0.0052692230807167145,-0.2228773710419995,0.0,0.0,0.0
2381.0,12.576827912636208,-6.156032070701758,0.0,0.0,-0.0006334313658296904,0.0,0.0,-6.492240239014128,20.5794109308,0.0,0.0,0.3362081683123703,0.0,-0.0017350726832246863,0.0,0.0378437622122822,0.005258815258907798,-0.22289069564929387,0.0,0.0,0.0
2382.0,12.577036593199097,-6.1567358349493535,0.0,0.0,-0.000651543858092712,0.0,0.0,-6.492882726481089,20.5794109308,0.0,0.0,0.3361468915317358,0.0,-0.0017846561664161178,0.0,0.03784722564095383,0.005248174349322565,-0.22290444769307766,0.0,0.0,0.0
2383.0,12.577239753058137,-6.1574571227426285,0.0,0.0,-0.0006696566467354148,0.0,0.0,-6.493543326829297,20.5794109308,0.0,0.0,0.33608620408666834,0.0,-0.0018342396211717031,0.0,0.03785077773672013,0.005237300706606274,-0.22291862743092755,0.0,0.0,0.0
2384.0,12.57743732694457,-6.1581959197025,0.0,0.0,-0.0006877668337564166,0.0,0.0,-6.494222038907539,20.5794109308,0.0,0.0,0.3360261192050391,0.0,-0.0018838151848429379,0.0,0.03785441844302308,0.005226194724740077,-0.222933235053474,0.0,0.0,0.0
2385.0,12.577629250117186,-6.158952208563687,0.0,0.0,-0.0007058715044277153,0.0,0.0,-6.494918858658209,20.5794109308,0.0,0.0,0.3359666500945213,0.0,-0.0019333749503952207,0.0,0.037858147688782096,0.005214856837213899,-0.22294827068398243,0.0,0.0,0.0
2386.0,12.577815458376302,-6.159725969160437,0.0,0.0,-0.0007239677276478969,0.0,0.0,-6.495633779100755,20.5794109308,0.0,0.0,0.3359078099403181,0.0,-0.001982910967330228,0.0,0.037861965388319284,0.005203287517193997,-0.2229637343779427,0.0,0.0,0.0
2387.0,12.57799588807775,-6.160517178412613,0.0,0.0,-0.0007420525563000763,0.0,0.0,-6.496366790315489,20.5794109308,0.0,0.0,0.33584961190287554,0.0,-0.00203241524261974,0.0,0.03786587144128654,0.005191487277685647,-0.22297962612266653,0.0,0.0,0.0
2388.0,12.578170476146852,-6.161325810312156,0.0,0.0,-0.0007601230276145509,0.0,0.0,-6.497117879427746,20.5794109308,0.0,0.0,0.33579206911559023,0.0,-0.0020818797416508757,0.0,0.037869865732594404,0.00517945667169023,-0.222995945836893,0.0,0.0,0.0
2389.0,12.578339160092387,-6.162151835909917,0.0,0.0,-0.0007781761635361517,0.0,0.0,-6.49788703059242,20.5794109308,0.0,0.0,0.3357351946825027,0.0,-0.0021312963891827134,0.0,0.0378739481323429,0.005167196292357526,-0.2230126933704028,0.0,0.0,0.0
2390.0,12.57850187802055,-6.162995223302875,0.0,0.0,-0.0007962089710962744,0.0,0.0,-6.49867422497886,20.5794109308,0.0,0.0,0.3356790016759845,0.0,-0.002180657070314256,0.0,0.037878118495754114,0.005154706773132359,-0.22302986850364087,0.0,0.0,0.0
2391.0,12.578658568648898,-6.163855937621731,0.0,0.0,-0.0008142184427895733,0.0,0.0,-6.499479440756148,20.5794109308,0.0,0.0,0.3356235031344168,0.0,-0.002229953631463716,0.0,0.03788237666310689,0.005141988787895846,-0.22304747094734698,0.0,0.0,0.0
2392.0,12.57880917132028,-6.164733941018893,0.0,0.0,-0.0008322015569552928,0.0,0.0,-6.50030265307875,20.5794109308,0.0,0.0,0.3355687120598567,0.0,-0.0022791778813590737,0.0,0.03788672245967332,0.005129043051101442,-0.2230655003421962,0.0,0.0,0.0
2393.0,12.578953626016757,-6.165629192656854,0.0,0.0,-0.0008501552781632267,0.0,0.0,-6.501143834072555,20.5794109308,0.0,0.0,0.33551464141570086,0.0,-0.0023283215920398806,0.0,0.0378911556956572,0.005115870317905238,-0.223083956258447,0.0,0.0,0.0
2394.0,12.579091873373484,-6.166541648696966,0.0,0.0,-0.0008680765576042728,0.0,0.0,-6.502002952821298,20.5794109308,0.0,0.0,0.3354613041243324,0.0,-0.0023773764998702694,0.0,0.03789567616613456,0.005102471384290833,-0.223102838195599,0.0,0.0,0.0
2395.0,12.579223854692584,-6.167471262288612,0.0,0.0,-0.0008859623334855724,0.0,0.0,-6.502879975353383,20.5794109308,0.0,0.0,0.33540871306477094,0.0,-0.0024263343065631347,0.0,0.03790028365099611,0.005088847087188625,-0.2231221455820593,0.0,0.0,0.0
2396.0,12.579349511956996,-6.168417983558788,0.0,0.0,-0.0009038095314302014,0.0,0.0,-6.503774864629093,20.5794109308,0.0,0.0,0.3353568810703047,0.0,-0.0024751866802154307,0.0,0.03790497791489177,0.005074998304589351,-0.2231418777748182,0.0,0.0,0.0
2397.0,12.57946878784428,-6.169381759602087,0.0,0.0,-0.0009216150648814032,0.0,0.0,-6.50468758052821,20.5794109308,0.0,0.0,0.3353058209261235,0.0,-0.0025239252563545823,0.0,0.03790975870717722,0.005060925955651774,-0.22316203405913382,0.0,0.0,0.0
2398.0,12.57958162574041,-6.170362534471101,0.0,0.0,-0.000939375835511322,0.0,0.0,-6.505618079838041,20.5794109308,0.0,0.0,0.33525554536694013,0.0,-0.0025725416389959085,0.0,0.03791462576186253,0.005046631000804935,-0.22318261364822645,0.0,0.0,0.0
2399.0,12.579687969753515,-6.1713602491672415,0.0,0.0,-0.0009570887336342299,0.0,0.0,-6.506566316241852,20.5794109308,0.0,0.0,0.3352060670746102,0.0,-0.002621027401711083,0.0,0.03791957879756288,0.005032114441844218,-0.22320361568298197,0.0,0.0,0.0
2400.0,12.579787764727596,-6.172374841631976,0.0,0.0,-0.0009747506386242077,0.0,0.0,-6.507532240307715,20.5794109308,0.0,0.0,0.33515739867573924,0.0,-0.002669374088707538,0.0,0.03792461751745138,0.0050173773220218015,-0.22322503923166492,0.0,0.0,0.0
2401.0,12.5798809562562,-6.173406246738495,0.0,0.0,-0.0009923584193372635,0.0,0.0,-6.508515799477786,20.5794109308,0.0,0.0,0.3351095527392909,0.0,-0.002717573215918792,0.0,0.03792974160921411,0.005002420726130843,-0.22324688328964115,0.0,0.0,0.0
2402.0,12.579967490696047,-6.174454396283805,0.0,0.0,-0.0010099089345378528,0.0,0.0,-6.509516938057993,20.5794109308,0.0,0.0,0.3350625417741879,0.0,-0.0027656162721056473,0.0,0.03793495074500714,0.004987245780584057,-0.2232691467791103,0.0,0.0,0.0
2403.0,12.580047315180618,-6.175519218981257,0.0,0.0,-0.0010273990333297788,0.0,0.0,-6.510535597208161,20.5794109308,0.0,0.0,0.33501637822690444,0.0,-0.0028134947199682067,0.0,0.037940244581415955,0.004971853653485875,-0.22329182854884794,0.0,0.0,0.0
2404.0,12.58012037763369,-6.176600640453511,0.0,0.0,-0.0010448255555914412,0.0,0.0,-6.511571714932573,20.5794109308,0.0,0.0,0.3349710744790615,0.0,-0.002861199997268678,0.0,0.037945622759416854,0.004956245554698729,-0.22331492737395792,0.0,0.0,0.0
2405.0,12.580186626782826,-6.177698583225948,0.0,0.0,-0.0010621853324154,0.0,0.0,-6.512625226070957,20.5794109308,0.0,0.0,0.3349266428450095,0.0,-0.0029087235179648847,0.0,0.03795108490434074,0.004940422735903019,-0.22333844195563424,0.0,0.0,0.0
2406.0,12.580246012172804,-6.178812966720515,0.0,0.0,-0.0010794751865522338,0.0,0.0,-6.513696062289929,20.5794109308,0.0,0.0,0.3348830955694142,0.0,-0.0029560566733544767,0.0,0.03795663062583905,0.0049243864906510365,-0.22336237092093358,0.0,0.0,0.0
2407.0,12.580298484178998,-6.179943707250032,0.0,0.0,-0.0010966919328586468,0.0,0.0,-6.514784152074868,20.5794109308,0.0,0.0,0.3348404448248363,0.0,-0.003003190833229742,0.0,0.037962259517852,0.004908138154414446,-0.22338671282255773,0.0,0.0,0.0
2408.0,12.58034399402069,-6.181090718012944,0.0,0.0,-0.0011138323787498027,0.0,0.0,-6.515889420722252,20.5794109308,0.0,0.0,0.3347987027093078,0.0,-0.0030501173470429987,0.0,0.03796797115857909,0.004891679104625554,-0.2234114661386465,0.0,0.0,0.0
2409.0,12.580382493774334,-6.182253909088538,0.0,0.0,-0.0011308933246558473,0.0,0.0,-6.517011790332445,20.5794109308,0.0,0.0,0.33475788124390693,0.0,-0.0030968275450824934,0.0,0.03797376511045185,0.004875010760712201,-0.22343662927258073,0.0,0.0,0.0
2410.0,12.580413936386732,-6.183433187432607,0.0,0.0,-0.0011478715644825856,0.0,0.0,-6.518151179802938,20.5794109308,0.0,0.0,0.3347179923703312,0.0,-0.0031433127396587645,0.0,0.037979640920109026,0.004858134584126192,-0.22346220055279636,0.0,0.0,0.0
2411.0,12.580438275688172,-6.184628456873594,0.0,0.0,-0.0011647638860762804,0.0,0.0,-6.519307504822062,20.5794109308,0.0,0.0,0.3346790479484678,0.0,-0.0031895642263014,0.0,0.037985598118374035,0.004841052078365327,-0.22348817823260841,0.0,0.0,0.0
2412.0,12.58045546640547,-6.185839618109194,0.0,0.0,-0.0011815670716925294,0.0,0.0,-6.520480677863156,20.5794109308,0.0,0.0,0.3346410597539622,0.0,-0.003235573284966129,0.0,0.037991636220234735,0.004823764788988813,-0.22351456049004637,0.0,0.0,0.0
2413.0,12.58046546417495,-6.187066568703432,0.0,0.0,-0.0011982778984691938,0.0,0.0,-6.521670608179219,20.5794109308,0.0,0.0,0.33460403947578765,0.0,-0.0032813311812522027,0.0,0.03799775472482567,0.0048062743036262345,-0.22354134542769974,0.0,0.0,0.0
2414.0,12.580468225555347,-6.188309203084213,0.0,0.0,-0.0012148931389033275,0.0,0.0,-6.5228772017980265,20.5794109308,0.0,0.0,0.3345679987138137,0.0,-0.0033268291676299745,0.0,0.03800395311541265,0.004788582251979853,-0.22356853107257477,0.0,0.0,0.0
2415.0,12.580463708040627,-6.189567412541359,0.0,0.0,-0.0012314095613320797,0.0,0.0,-6.524100361517731,20.5794109308,0.0,0.0,0.3345329489763724,0.0,-0.003372058484678644,0.0,0.038010230859379726,0.00477069030582003,-0.2235961153759623,0.0,0.0,0.0
2416.0,12.580451870072727,-6.190841085225115,0.0,0.0,-0.0012478239304175192,0.0,0.0,-6.525339986902945,20.5794109308,0.0,0.0,0.33449890167783014,0.0,-0.00341701036233407,0.0,0.038016587408218686,0.004752600178974553,-0.22362409621331625,0.0,0.0,0.0
2417.0,12.58043267105421,-6.1921301061451555,0.0,0.0,-0.0012641330076353498,0.0,0.0,-6.5265959742813076,20.5794109308,0.0,0.0,0.3344658681361521,0.0,-0.003461676021146614,0.0,0.03802302219752091,0.004734313627310374,-0.2236524713841436,0.0,0.0,0.0
2418.0,12.580406071360832,-6.19343435717007,0.0,0.0,-0.001280333551767464,0.0,0.0,-6.527868216740545,20.5794109308,0.0,0.0,0.334433859570475,0.0,-0.0035060466735489086,0.0,0.03802953464697176,0.004715832448709309,-0.22368123861190536,0.0,0.0,0.0
2419.0,12.580372032354015,-6.194753717027347,0.0,0.0,-0.0012964223193983008,0.0,0.0,-6.529156604126028,20.5794109308,0.0,0.0,0.3344028870986806,0.0,-0.0035501135251335206,0.0,0.03803612416034739,0.004697158483036326,-0.22371039554392924,0.0,0.0,0.0
2420.0,12.58033051639323,-6.196088061303852,0.0,0.0,-0.0013123960654149553,0.0,0.0,-6.530461023038818,20.5794109308,0.0,0.0,0.33437296173496556,0.0,-0.0035938677759403946,0.0,0.03804279012551419,0.004678293612101328,-0.22373993975133316,0.0,0.0,0.0
2421.0,12.580281486848278,-6.197437262446805,0.0,0.0,-0.001328251543510999,0.0,0.0,-6.531781356834226,20.5794109308,0.0,0.0,0.3343440943874212,0.0,-0.003637300621754027,0.0,0.038049531914430564,0.004659239759613784,-0.22376986872896076,0.0,0.0,0.0
2422.0,12.58022490811148,-6.19880118976526,0.0,0.0,-0.0013439855066939637,0.0,0.0,-6.533117485620871,20.5794109308,0.0,0.0,0.3343162958556114,0.0,-0.0036804032554102854,0.0,0.03805634888315142,0.004639998891130495,-0.22380017989532813,0.0,0.0,0.0
2423.0,12.580160745609753,-6.200179709432095,0.0,0.0,-0.0013595947077964393,0.0,0.0,-6.534469286260251,20.5794109308,0.0,0.0,0.33428957682815597,0.0,-0.0037231668681127913,0.0,0.03806324037183513,0.004620573013996251,-0.2238308705925825,0.0,0.0,0.0
2424.0,12.580088965816588,-6.2015726844865044,0.0,0.0,-0.0013750758999907379,0.0,0.0,-6.535836632366819,20.5794109308,0.0,0.0,0.33426394788031466,0.0,-0.0037655826507587815,0.0,0.03807020570475308,0.004600964177277539,-0.2238619380864725,0.0,0.0,0.0
2425.0,12.580009536263917,-6.2029799748370085,0.0,0.0,-0.001390425837307077,0.0,0.0,-6.537219394308591,20.5794109308,0.0,0.0,0.3342394194715821,0.0,-0.0038076417952743837,0.0,0.03807724419030184,0.004581174471689042,-0.22389337956632996,0.0,0.0,0.0
2426.0,12.57992242555387,-6.204401437264975,0.0,0.0,-0.0014056412751552237,0.0,0.0,-6.538617439208256,20.5794109308,0.0,0.0,0.3342160019432807,0.0,-0.0038493354959591836,0.0,0.038084355121017856,0.004561206029513112,-0.2239251921450643,0.0,0.0,0.0
2427.0,12.579827603370413,-6.205836925428664,0.0,0.0,-0.0014207189708495538,0.0,0.0,-6.540030630944823,20.5794109308,0.0,0.0,0.33419370551615923,0.0,-0.0038906549508400273,0.0,0.03809153777359487,0.0045410610245118915,-0.22395737285916828,0.0,0.0,0.0
2428.0,12.579725040490876,-6.207286289867787,0.0,0.0,-0.0014356556841374727,0.0,0.0,-6.541458830155787,20.5794109308,0.0,0.0,0.3341725402879998,0.0,-0.003931591363033958,0.0,0.03809879140890395,0.004520741671832501,-0.22398991866873613,0.0,0.0,0.0
2429.0,12.579614708797353,-6.208749378008595,0.0,0.0,-0.001450448177731139,0.0,0.0,-6.5429018942398285,20.5794109308,0.0,0.0,0.3341525162312333,0.0,-0.003972135942120188,0.0,0.03810611527201609,0.004500250227904581,-0.22402282645749344,0.0,0.0,0.0
2430.0,12.57949658128798,-6.210226034169493,0.0,0.0,-0.001465093217842439,0.0,0.0,-6.5443596773600445,20.5794109308,0.0,0.0,0.33413364319055194,0.0,-0.004012279905521011,0.0,0.03811350859222758,0.004479588990331032,-0.2240560930328399,0.0,0.0,0.0
2431.0,12.5793706320881,-6.21171609956718,0.0,0.0,-0.0014795875747211549,0.0,0.0,-6.545832030447719,20.5794109308,0.0,0.0,0.3341159308805386,0.0,-0.004052014479891572,0.0,0.03812097058308803,0.004458760297770925,-0.22408971512590353,0.0,0.0,0.0
2432.0,12.579236836461277,-6.213219412323331,0.0,0.0,-0.001493928023196269,0.0,0.0,-6.547318801206629,20.5794109308,0.0,0.0,0.33409938888329815,0.0,-0.004091330902518372,0.0,0.03812850044243106,0.004437766529815354,-0.224123689391608,0.0,0.0,0.0
2433.0,12.579095170820194,-6.2147358074718,0.0,0.0,-0.0015081113432203414,0.0,0.0,-6.548819834117898,20.5794109308,0.0,0.0,0.3340840266460985,0.0,-0.004130220422726413,0.0,0.03813609735240772,0.004416610106855942,-0.22415801240875177,0.0,0.0,0.0
2434.0,12.57894561273741,-6.216265116966374,0.0,0.0,-0.0015221343204169064,0.0,0.0,-6.550334970445392,20.5794109308,0.0,0.0,0.33406985347901763,0.0,-0.00416867430329489,0.0,0.038143760479522656,0.004395293489945662,-0.22419268068010006,0.0,0.0,0.0
2435.0,12.578788140955984,-6.2178071696890616,0.0,0.0,-0.0015359937466308232,0.0,0.0,-6.551864048241663,20.5794109308,0.0,0.0,0.3340568785526017,0.0,-0.0042066838218812975,0.0,0.038151488974673,0.004373819180652369,-0.22422769063248926,0.0,0.0,0.0
2436.0,12.578622735399954,-6.219361791458919,0.0,0.0,-0.0015496864204815172,0.0,0.0,-6.5534069023544514,20.5794109308,0.0,0.0,0.33404511089553246,0.0,-0.004244240272453864,0.0,0.03815928197318998,0.004352189720904856,-0.22426303861694416,0.0,0.0,0.0
2437.0,12.578449377184672,-6.220928805041431,0.0,0.0,-0.001563209147919054,0.0,0.0,-6.554963364433735,20.5794109308,0.0,0.0,0.334034559392304,0.0,-0.004281334966732185,0.0,0.03816713859488338,0.004330407692831342,-0.22429872090880745,0.0,0.0,0.0
2438.0,12.578268048627,-6.222508030158432,0.0,0.0,-0.0015765587427829708,0.0,0.0,-6.556533262939338,20.5794109308,0.0,0.0,0.3340252327809061,0.0,-0.004317959235635935,0.0,0.038175057944088625,0.004308475718590346,-0.22433473370788234,0.0,0.0,0.0
2439.0,12.57807873325535,-6.22409928349858,0.0,0.0,-0.0015897320273638093,0.0,0.0,-6.558116423149106,20.5794109308,0.0,0.0,0.33401713965052604,0.0,-0.0043541044307415545,0.0,0.03818303910971684,0.0042863964601941446,-0.22437107313858792,0.0,0.0,0.0
2440.0,12.577881415819569,-6.225702378728382,0.0,0.0,-0.001602725832967278,0.0,0.0,-6.559712667167633,20.5794109308,0.0,0.0,0.3340102884392513,0.0,-0.0043897619257467786,0.0,0.038191081165307596,0.004264172619324422,-0.22440773525012736,0.0,0.0,0.0
2441.0,12.577676082300684,-6.227317126503771,0.0,0.0,-0.0016155370004809731,0.0,0.0,-6.561321813935565,20.5794109308,0.0,0.0,0.33400468743179346,0.0,-0.004424923117942879,0.0,0.03819918316908446,0.004241806937140477,-0.22444471601666882,0.0,0.0,0.0
2442.0,12.577462719920476,-6.228943334482244,0.0,0.0,-0.0016281623809435946,0.0,0.0,-6.562943679239459,20.5794109308,0.0,0.0,0.3340003447572153,0.0,-0.004459579429694504,0.0,0.03820734416401345,0.0042193021940796355,-0.22448201133754003,0.0,0.0,0.0
2443.0,12.577241317150898,-6.230580807335549,0.0,0.0,-0.00164059883611658,0.0,0.0,-6.564578075722229,20.5794109308,0.0,0.0,0.3339972683866801,0.0,-0.004493722309926965,0.0,0.038215563177864245,0.004196661209650038,-0.224519617037435,0.0,0.0,0.0
2444.0,12.577011863723333,-6.232229346762946,0.0,0.0,-0.0016528432390580878,0.0,0.0,-6.56622481289415,20.5794109308,0.0,0.0,0.33399546613120457,0.0,-0.004527343235620859,0.0,0.03822383922327425,0.004173886842215785,-0.22455752886663463,0.0,0.0,0.0
2445.0,12.57677435063768,-6.233888751505011,0.0,0.0,-0.0016648924746992526,0.0,0.0,-6.567883697144441,20.5794109308,0.0,0.0,0.33399494563942955,0.0,-0.004560433713313872,0.0,0.0382321712978156,0.004150981988774158,-0.22459574250124004,0.0,0.0,0.0
2446.0,12.576528770171274,-6.235558817358025,0.0,0.0,-0.0016767434404226446,0.0,0.0,-6.569554531753432,20.5794109308,0.0,0.0,0.33399571439540665,0.0,-0.004592985280609623,0.0,0.038240558384064885,0.004127949584725343,-0.2246342535434191,0.0,0.0,0.0
2447.0,12.576275115887647,-6.237239337188908,0.0,0.0,-0.001688393046642846,0.0,0.0,-6.571237116905301,20.5794109308,0.0,0.0,0.3339977797163938,0.0,-0.004624989507693407,0.0,0.038248999449675886,0.004104792603634222,-0.22467305752166677,0.0,0.0,0.0
2448.0,12.576013382645096,-6.238930100950733,0.0,0.0,-0.0016998382173890809,0.0,0.0,-6.572931249701402,20.5794109308,0.0,0.0,0.33400114875066933,0.0,-0.004656437998854699,0.0,0.03825749344745513,0.004081514056984328,-0.22471214989107782,0.0,0.0,0.0
2449.0,12.575743566605082,-6.240630895698804,0.0,0.0,-0.0017110758908898066,0.0,0.0,-6.574636724174167,20.5794109308,0.0,0.0,0.3340058284753624,0.0,-0.004687322394016254,0.0,0.038266039315440294,0.004058116993924374,-0.22475152603363385,0.0,0.0,0.0
2450.0,12.57546566524046,-6.242341505607304,0.0,0.0,-0.0017221030201591972,0.0,0.0,-6.5763533313016005,20.5794109308,0.0,0.0,0.3340118256942963,0.0,-0.004717634370269655,0.0,0.03827463597698159,0.004034604501006275,-0.22479118125850306,0.0,0.0,0.0
2451.0,12.57517967734351,-6.244061711986512,0.0,0.0,-0.0017329165735854308,0.0,0.0,-6.578080859022361,20.5794109308,0.0,0.0,0.3340191470358489,0.0,-0.004747365643417147,0.0,0.03828328234082599,0.00401097970191612,-0.2248311108023537,0.0,0.0,0.0
2452.0,12.574885603033799,-6.245791293300597,0.0,0.0,-0.0017435135355207017,0.0,0.0,-6.579819092251425,20.5794109308,0.0,0.0,0.334027798950828,0.0,-0.004776507969519597,0.0,0.03829197730120443,0.003987245757196639,-0.2248713098296813,0.0,0.0,0.0
2453.0,12.574583443765848,-6.2475300251859816,0.0,0.0,-0.001753890906872877,0.0,0.0,-6.581567812896351,20.5794109308,0.0,0.0,0.3340377877103693,0.0,-0.004805053146450434,0.0,0.03830071973792186,0.003963405863962252,-0.22491177343314878,0.0,0.0,0.0
2454.0,12.574273202336608,-6.249277680470283,0.0,0.0,-0.001764045705698703,0.0,0.0,-6.583326799874131,20.5794109308,0.0,0.0,0.33404911940384796,0.0,-0.004832993015455359,0.0,0.03830950851645028,0.003939463255606013,-0.2249524966339406,0.0,0.0,0.0
2455.0,12.573954882892755,-6.251034029191829,0.0,0.0,-0.001773974967798482,0.0,0.0,-6.585095829128636,20.5794109308,0.0,0.0,0.33406179993680674,0.0,-0.004860319462717684,0.0,0.03831834248802466,0.003915421201498723,-0.2249934743821306,0.0,0.0,0.0
2456.0,12.573628490937779,-6.252798838619749,0.0,0.0,-0.0017836757473121368,0.0,0.0,-6.586874673648656,20.5794109308,0.0,0.0,0.3340758350289068,0.0,-0.004887024420929123,0.0,0.038327220489741846,0.003891283006680263,-0.22503470155706315,0.0,0.0,0.0
2457.0,12.57329403333888,-6.254571873274645,0.0,0.0,-0.001793145117316564,0.0,0.0,-6.588663103486541,20.5794109308,0.0,0.0,0.3340912302118957,0.0,-0.004913099870865851,0.0,0.03833614134466235,0.003867052011542832,-0.22507617296774807,0.0,0.0,0.0
2458.0,12.572951518333669,-6.25635289494984,0.0,0.0,-0.0018023801704241899,0.0,0.0,-6.590460885777434,20.5794109308,0.0,0.0,0.3341079908275937,0.0,-0.004938537842969634,0.0,0.03834510386191517,0.00384273159150636,-0.22511788335326946,0.0,0.0,0.0
2459.0,12.572600955536661,-6.258141662733207,0.0,0.0,-0.0018113780193826398,0.0,0.0,-6.59226778475911,20.5794109308,0.0,0.0,0.33412612202590264,0.0,-0.004963330418933854,0.0,0.038354106836805436,0.0038183251566861753,-0.22515982738320794,0.0,0.0,0.0
2460.0,12.572242355945567,-6.259937933029574,0.0,0.0,-0.0018201357976754306,0.0,0.0,-6.594083561792408,20.5794109308,0.0,0.0,0.33414562876283327,0.0,-0.004987469733294256,0.0,0.038363149050925145,0.0037938361515525293,-0.2252019996580769,0.0,0.0,0.0
2461.0,12.571875731947385,-6.261741459583715,0.0,0.0,-0.0018286506601235828,0.0,0.0,-6.595907975382269,20.5794109308,0.0,0.0,0.33416651579855383,0.0,-0.005010947975024185,0.0,0.038372229272266786,0.0037692680545822893,-0.22524439470977264,0.0,0.0,0.0
2462.0,12.571501097324266,-6.263551993503913,0.0,0.0,-0.001836919783488066,0.0,0.0,-6.597740781199376,20.5794109308,0.0,0.0,0.3341887876954637,0.0,-0.005033757389134134,0.0,0.0383813462553399,0.0037446243779026417,-0.22528700700203785,0.0,0.0,0.0
2463.0,12.571118467259192,-6.265369283286114,0.0,0.0,-0.0018449403670729796,0.0,0.0,-6.599581732102394,20.5794109308,0.0,0.0,0.3342124488162801,0.0,-0.005055890278275405,0.0,0.03839049874129065,0.0037199086669272713,-0.22532983093093936,0.0,0.0,0.0
2464.0,12.57072785834142,-6.267193074838657,0.0,0.0,-0.0018527096333293721,0.0,0.0,-6.601430578160816,20.5794109308,0.0,0.0,0.33423750332215896,0.0,-0.00507733900434768,0.0,0.03839968545802434,0.003695124499983868,-0.22537286082535968,0.0,0.0,0.0
2465.0,12.570329288571727,-6.269023111507581,0.0,0.0,-0.0018602248284595943,0.0,0.0,-6.603287066678408,20.5794109308,0.0,0.0,0.33426395517082685,0.0,-0.0050980959901102555,0.0,0.0384089051203309,0.003670275487934596,-0.2254160909475022,0.0,0.0,0.0
2466.0,12.569922777367422,-6.270859134102522,0.0,0.0,-0.0018674832230220913,0.0,0.0,-6.605150942217269,20.5794109308,0.0,0.0,0.334291808114747,0.0,-0.005118153720796763,0.0,0.0384181564300133,0.0036453652737879205,-0.22545951549341048,0.0,0.0,0.0
2467.0,12.56950834556715,-6.2727008809231855,0.0,0.0,-0.0018744821125365363,0.0,0.0,-6.607021946622486,20.5794109308,0.0,0.0,0.3343210656993003,0.0,-0.005137504745733151,0.0,0.038427438076019005,0.0036203975323031434,-0.2255031285935014,0.0,0.0,0.0
2468.0,12.569086015435472,-6.2745480877864015,0.0,0.0,-0.0018812188180891913,0.0,0.0,-6.608899819047398,20.5794109308,0.0,0.0,0.3343517312609965,0.0,-0.0051561416799586835,0.0,0.038436748734574325,0.003595375969586506,-0.22554692431311202,0.0,0.0,0.0
2469.0,12.568655810667213,-6.276400488053761,0.0,0.0,-0.001887690686938405,0.0,0.0,-6.6107842959794665,20.5794109308,0.0,0.0,0.33438380792570577,0.0,-0.005174057205849752,0.0,0.038446087069321754,0.003570304322679879,-0.2255908966530608,0.0,0.0,0.0
2470.0,12.568217756391597,-6.278257812659831,0.0,0.0,-0.0018938950931201295,0.0,0.0,-6.612675111266749,20.5794109308,0.0,0.0,0.33441729860691805,0.0,-0.0051912440747462485,0.0,0.038455451731460304,0.0035451863591412086,-0.2256350395502223,0.0,0.0,0.0
2471.0,12.567771879176144,-6.280119790140953,0.0,0.0,-0.0018998294380533646,0.0,0.0,-6.6145719961449805,20.5794109308,0.0,0.0,0.3344522060040278,0.0,-0.005207695108580281,0.0,0.03846484135988869,0.003520025876617386,-0.225679346878116,0.0,0.0,0.0
2472.0,12.567318207030338,-6.281986146664614,0.0,0.0,-0.0019054911511454072,0.0,0.0,-6.6164746792652585,20.5794109308,0.0,0.0,0.3344885326006448,0.0,-0.0052234032015069844,0.0,0.03847425458135165,0.0034948267024092067,-0.225723812447509,0.0,0.0,0.0
2473.0,12.566856769409071,-6.283856606059404,0.0,0.0,-0.0019108776903968073,0.0,0.0,-6.618382886722334,20.5794109308,0.0,0.0,0.33452628066293055,0.0,-0.005238361321537169,0.0,0.038483690010589024,0.0034695926930283366,-0.22576843000703278,0.0,0.0,0.0
2474.0,12.566387597215844,-6.2857308898455475,0.0,0.0,-0.001915986543005918,0.0,0.0,-6.620296342083508,20.5794109308,0.0,0.0,0.3345654522379604,0.0,-0.0052525625121715835,0.0,0.038493146250487956,0.0034443277337466993,-0.22581319324381394,0.0,0.0,0.0
2475.0,12.565910722805732,-6.287608717266011,0.0,0.0,-0.0019208152259729274,0.0,0.0,-6.622214766418129,20.5794109308,0.0,0.0,0.3346060491521179,0.0,-0.0052659998940365205,0.0,0.03850262189223792,0.003419035738137996,-0.22585809578411825,0.0,0.0,0.0
2476.0,12.565426179988123,-6.289489805318189,0.0,0.0,-0.0019253612867032633,0.0,0.0,-6.624137878327698,20.5794109308,0.0,0.0,0.33464807300950916,0.0,-0.005278666666520508,0.0,0.03851211551548877,0.0033937206476113285,-0.2259031311940098,0.0,0.0,0.0
2477.0,12.564934004029205,-6.2913738687861605,0.0,0.0,-0.0019296223036102522,0.0,0.0,-6.626065393976576,20.5794109308,0.0,0.0,0.3346915251904159,0.0,-0.005290556109411833,0.0,0.03852162568851161,0.0033683864309373007,-0.2259482929800226,0.0,0.0,0.0
2478.0,12.56443423165422,-6.293260620273527,0.0,0.0,-0.0019335958867169245,0.0,0.0,-6.6279970271232935,20.5794109308,0.0,0.0,0.3347364068497667,0.0,-0.00530166158453662,0.0,0.038531150968362786,0.003343037083766251,-0.22599357458984756,0.0,0.0,0.0
2479.0,12.563926901049468,-6.2951497702368115,0.0,0.0,-0.001937279678256849,0.0,0.0,-6.6299324891524565,20.5794109308,0.0,0.0,0.33478271891564493,0.0,-0.005311976537397213,0.0,0.0385406899010506,0.003317676628138852,-0.22603896941303211,0.0,0.0,0.0
2480.0,12.56341205186408,-6.297041027019439,0.0,0.0,-0.0019406713532738756,0.0,0.0,-6.631871489107262,20.5794109308,0.0,0.0,0.3348304620878224,0.0,-0.005321494498810562,0.0,0.038550241021705095,0.003292309111988981,-0.2260844707816944,0.0,0.0,0.0
2481.0,12.562889725211528,-6.298934096886279,0.0,0.0,-0.001943768620220671,0.0,0.0,-6.6338137337226035,20.5794109308,0.0,0.0,0.33487963683632493,0.0,-0.0053302090865463385,0.0,0.03855980285475061,0.0032669386086390806,-0.2261300719712514,0.0,0.0,0.0
2482.0,12.5623599636709,-6.300828684058758,0.0,0.0,-0.001946569221555937,0.0,0.0,-6.635758927458782,20.5794109308,0.0,0.0,0.33493024340002364,0.0,-0.0053381140069645285,0.0,0.0385693739140814,0.0032415692162875986,-0.2261757662011601,0.0,0.0,0.0
2483.0,12.561822811287922,-6.302724490750539,0.0,0.0,-0.001949070934340174,0.0,0.0,-6.637706772535807,20.5794109308,0.0,0.0,0.3349822817852681,0.0,-0.005345203056652158,0.0,0.03857895270324,0.0032162050574894158,-0.22622154663567345,0.0,0.0,0.0
2484.0,12.561278313575727,-6.304621217203763,0.0,0.0,-0.0019512715708298882,0.0,0.0,-6.6396569689683,20.5794109308,0.0,0.0,0.33503575176453726,0.0,-0.005351470124058915,0.0,0.03858853771559852,0.003190850278628088,-0.22626740638460963,0.0,0.0,0.0
2485.0,12.560726517515382,-6.306518561725849,0.0,0.0,-0.0019531689790701053,0.0,0.0,-6.64160921460098,20.5794109308,0.0,0.0,0.33509065287513184,0.0,-0.005356909191131327,0.0,0.03859812743454288,0.0031655090493810933,-0.22631333850413482,0.0,0.0,0.0
2486.0,12.560167471556147,-6.30841622072686,0.0,0.0,-0.0019547610434850786,0.0,0.0,-6.643563205144755,20.5794109308,0.0,0.0,0.3351469844178947,0.0,-0.005361514334945222,0.0,0.03860772033365978,0.003140185562177253,-0.22635933599756003,0.0,0.0,0.0
2487.0,12.559601225615491,-6.310313888757425,0.0,0.0,-0.0019560456854670594,0.0,0.0,-6.645518634213389,20.5794109308,0.0,0.0,0.33520474545596457,0.0,-0.005365279729336146,0.0,0.03861731487692666,0.0031148840316470305,-0.22640539181615177,0.0,0.0,0.0
2488.0,12.559027831078854,-6.312211258547209,0.0,0.0,-0.001957020863963013,0.0,0.0,-6.64747519336077,20.5794109308,0.0,0.0,0.3352639348135611,0.0,-0.0053681996465274415,0.0,0.03862690951890436,0.003089608694065188,-0.22645149885995597,0.0,0.0,0.0
2489.0,12.558447340799136,-6.3141080210439435,0.0,0.0,-0.001957684576059148,0.0,0.0,-6.649432572118752,20.5794109308,0.0,0.0,0.33532455107480885,0.0,-0.005370268458755673,0.0,0.038636502704932706,0.0030643638067862217,-0.22649764997863575,0.0,0.0,0.0
2490.0,12.557859809095946,-6.316003865453003,0.0,0.0,-0.001958034857563135,0.0,0.0,-6.651390458035588,20.5794109308,0.0,0.0,0.3353865925825854,0.0,-0.005371480639893058,0.0,0.03864609287132889,0.0030391536476725434,-0.22654383797232264,0.0,0.0,0.0
2491.0,12.557265291754588,-6.317898479277527,0.0,0.0,-0.0019580697835838885,0.0,0.0,-6.653348536714941,20.5794109308,0.0,0.0,0.33545005743741463,0.0,-0.005371830767066609,0.0,0.03865567844558858,0.003013982514515276,-0.22659005559248144,0.0,0.0,0.0
2492.0,12.556663846024774,-6.319791548359089,0.0,0.0,-0.0019577874691087804,0.0,0.0,-6.655306491855475,20.5794109308,0.0,0.0,0.3355149434963858,0.0,-0.005371313522273646,0.0,0.03866525784658991,0.0029888547244480423,-0.22663629554278852,0.0,0.0,0.0
2493.0,12.556055530619092,-6.321682756918908,0.0,0.0,-0.001957186069578159,0.0,0.0,-6.657264005291018,20.5794109308,0.0,0.0,0.3355812483721099,0.0,-0.00536992369399334,0.0,0.0386748294848002,0.002963774613353287,-0.22668255048002348,0.0,0.0,0.0
2494.0,12.555440405711202,-6.32357178759959,0.0,0.0,-0.001956263781457041,0.0,0.0,-6.659220757031306,20.5794109308,0.0,0.0,0.3356489694317153,0.0,-0.00536765617879396,0.0,0.0386843917624854,0.0029387465352618825,-0.22672881301497438,0.0,0.0,0.0
2495.0,12.554818532933774,-6.325458321507413,0.0,0.0,-0.0019550188428038478,0.0,0.0,-6.661176425303286,20.5794109308,0.0,0.0,0.3357181037958732,0.0,-0.005364505982935487,0.0,0.0386939430739223,0.0029137748617453912,-0.22677507571335603,0.0,0.0,0.0
2496.0,12.55418997537616,-6.327342038255137,0.0,0.0,-0.001953449533836051,0.0,0.0,-6.663130686593,20.5794109308,0.0,0.0,0.33578864833786337,0.0,-0.00536046822396724,0.0,0.038703481805613435,0.002888863981301476,-0.22682133109674169,0.0,0.0,0.0
2497.0,12.553554797581793,-6.329222616005344,0.0,0.0,-0.0019515541774926025,0.0,0.0,-6.665083215688019,20.5794109308,0.0,0.0,0.33586059968267445,0.0,-0.005355538132320175,0.0,0.03871300633650476,0.002864018298732396,-0.22686757164350796,0.0,0.0,0.0
2498.0,12.55291306554534,-6.331099731514307,0.0,0.0,-0.001949331139993002,0.0,0.0,-6.667033685720447,20.5794109308,0.0,0.0,0.3359339542061397,0.0,-0.005349711052893484,0.0,0.038722515038205944,0.002839242234516509,-0.22691378978979287,0.0,0.0,0.0
2499.0,12.552264846709571,-6.332973060176366,0.0,0.0,-0.0019467788313928844,0.0,0.0,-6.668981768210479,20.5794109308,0.0,0.0,0.33600870803411276,0.0,-0.005342982446635164,0.0,0.03873200627521329,0.0028145402241730316,-0.22695997793046702,0.0,0.0,0.0
2500.0,12.551610209961964,-6.334842276068835,0.0,0.0,-0.0019438957061359823,0.0,0.0,-6.670927133110514,20.5794109308,0.0,0.0,0.336084857041679,0.0,-0.005335347892116188,0.0,0.03874147840513538,0.002789916717620189,-0.22700612842011753,0.0,0.0,0.0
